# T(K)	P(bar)
3105.8      	1e-08       
3075.1010658173996	1.1885022274370215e-08
3060.75342183185	1.4125375446227554e-08
3051.724165638578	1.6788040181225588e-08
3039.9088440941814	1.9952623149688826e-08
3025.9140016497986	2.3713737056616554e-08
3009.810308232531	2.818382931264461e-08
2991.919427849154	3.3496543915782795e-08
2972.7332841386574	3.981071705534969e-08
2952.9672729894332	4.731512589614813e-08
2934.706037988268	5.6234132519034905e-08
2919.2586223195667	6.683439175686162e-08
2906.169068535399	7.94328234724282e-08
2895.513652406724	9.440608762859226e-08
2887.1170213527244	1.1220184543019653e-07
2880.6867110367925	1.333521432163324e-07
2874.748945383542	1.584893192461114e-07
2868.882150539685	1.883649089489802e-07
2862.8668189660184	2.2387211385683422e-07
2856.7242288082216	2.6607250597988136e-07
2850.709945587042	3.162277660168379e-07
2844.7734081443496	3.7583740428844433e-07
2838.9620853358992	4.466835921509635e-07
2833.3661137462036	5.308844442309889e-07
2828.4806650726205	6.309573444801942e-07
2824.21612686223	7.498942093324558e-07
2820.340607844514	8.912509381337459e-07
2816.8325922420036	1.0592537251772896e-06
2813.636171625951	1.2589254117941687e-06
2810.844286398889	1.4962356560944327e-06
2808.1664473838623	1.7782794100389227e-06
2805.6811454217204	2.1134890398366474e-06
2803.4428541037732	2.511886431509582e-06
2801.436514326619	2.9853826189179636e-06
2799.5881180632073	3.5481338923357534e-06
2797.769562824007	4.216965034285822e-06
2795.952454856391	5.011872336272725e-06
2794.1008528971797	5.95662143529011e-06
2792.1990833978693	7.079457843841388e-06
2790.414170958731	8.413951416451948e-06
2788.897179253867	1e-05       
2787.840654445193	1.188502227437019e-05
2787.4069025057547	1.4125375446227555e-05
2787.4849865155784	1.678804018122562e-05
2787.9379330671654	1.9952623149688786e-05
2789.0629201926076	2.371373705661655e-05
2790.773943290576	2.818382931264455e-05
2792.6223699317056	3.349654391578279e-05
2794.0854100494103	3.981071705534977e-05
2795.8460551669045	4.731512589614803e-05
2797.8098224054716	5.623413251903491e-05
2799.6630108048384	6.683439175686148e-05
2800.539007953203	7.943282347242821e-05
2800.0988694088364	9.440608762859246e-05
2799.0533413374965	0.00011220184543019629
2796.6378570794705	0.0001333521432163324
2791.9080738826024	0.00015848931924611142
2784.046076592374	0.00018836490894898024
2773.431745464304	0.00022387211385683424
2760.0890700980385	0.0002660725059798809
2743.820659294245	0.0003162277660168379
2724.472827356153	0.00037583740428844437
2702.846912242758	0.0004466835921509635
2678.4556727811323	0.0005308844442309889
2652.704328628099	0.000630957344480193
2626.6085885576667	0.0007498942093324559
2600.900084339415	0.0008912509381337458
2575.8164174668805	0.0010592537251772895
2551.6469071672122	0.0012589254117941673
2528.7948848560577	0.0014962356560944345
2507.510269938789	0.0017782794100389225
2488.1408455754768	0.0021134890398366475
2470.3750271485474	0.002511886431509582
2453.6109506454695	0.0029853826189179603
2437.802767603481	0.0035481338923357567
2422.688157879712	0.004216965034285822
2408.568607177099	0.0050118723362727255
2394.4561337619843	0.005956621435290103
2379.9078334613037	0.00707945784384138
2364.8268880248	0.008413951416451957
2349.2      	0.01        
2333.5043043276933	0.01188502227437019
2317.357076200603	0.014125375446227554
2300.4335547307346	0.016788040181225587
2282.452918968803	0.01995262314968883
2263.4485590585336	0.023713737056616554
2244.6628075883855	0.02818382931264455
2225.7709735723724	0.033496543915782793
2206.644037620292	0.03981071705534969
2186.9391653357575	0.04731512589614813
2166.40507275934	0.056234132519034905
2146.414405917337	0.06683439175686148
2126.656275367197	0.07943282347242821
2106.8474415591854	0.09440608762859228
2086.324512763827	0.11220184543019629
2066.100505391682	0.1333521432163324
2046.541582782972	0.1584893192461114
2027.62902366223	0.18836490894898023
2009.184441559952	0.22387211385683378
1990.6768971884078	0.26607250597988086
1973.5781791632858	0.3162277660168379
1957.599839950567	0.3758374042884443
1942.7304920251045	0.4466835921509634
1928.9459562810157	0.5308844442309879
1916.9687272748115	0.630957344480193
1907.2031014294819	0.7498942093324559
1898.7125993209206	0.8912509381337458
1891.4861104537563	1.0592537251772898
1885.5087495572461	1.2589254117941662
1880.5453980424695	1.4962356560944328
1876.7683436732336	1.7782794100389228
1874.0354701911383	2.1134890398366473
1872.3354274773583	2.511886431509582
1871.6131451575827	2.9853826189179573
1871.9774754034984	3.548133892335753
1872.8489617593	4.216965034285823
1874.0525333670155	5.011872336272725
1875.4368247897328	5.956621435290109
1876.94239231002	7.079457843841373
1878.2721345087639	8.413951416451948
1879.9      	10.0        
