# T(K)	P(bar)
2556.1      	1e-08       
2442.6139651144463	1.1885022274370215e-08
2417.0863788942897	1.4125375446227554e-08
2421.073062728676	1.6788040181225588e-08
2414.55655547595	1.9952623149688826e-08
2411.3759094658635	2.3713737056616554e-08
2408.290624194817	2.818382931264461e-08
2405.4525545894194	3.3496543915782795e-08
2402.841660517332	3.981071705534969e-08
2400.395489689808	4.731512589614813e-08
2398.3577553119953	5.6234132519034905e-08
2396.406070614527	6.683439175686162e-08
2394.4852251368934	7.94328234724282e-08
2392.5556315254103	9.440608762859226e-08
2390.5448859496155	1.1220184543019653e-07
2388.6080454930097	1.333521432163324e-07
2386.5489395318327	1.584893192461114e-07
2384.4215741942867	1.883649089489802e-07
2382.235555194994	2.2387211385683422e-07
2379.922112148551	2.6607250597988136e-07
2377.611517533478	3.162277660168379e-07
2375.116299583514	3.7583740428844433e-07
2372.476209879163	4.466835921509635e-07
2369.7114890702537	5.308844442309889e-07
2366.717181818703	6.309573444801942e-07
2363.6452791572074	7.498942093324558e-07
2360.330146633883	8.912509381337459e-07
2356.8842218541035	1.0592537251772896e-06
2353.5088668969424	1.2589254117941687e-06
2350.2516674653707	1.4962356560944327e-06
2346.9879644153593	1.7782794100389227e-06
2343.6024275364034	2.1134890398366474e-06
2340.040565715093	2.511886431509582e-06
2336.2686469340433	2.9853826189179636e-06
2332.500741045715	3.5481338923357534e-06
2328.625136573929	4.216965034285822e-06
2324.4798900851256	5.011872336272725e-06
2319.9396677803315	5.95662143529011e-06
2315.106003636251	7.079457843841388e-06
2310.1872583199474	8.413951416451948e-06
2304.752593266606	1e-05       
2298.589489455304	1.188502227437019e-05
2291.516651930307	1.4125375446227555e-05
2283.7863349577324	1.678804018122562e-05
2275.4181946588265	1.9952623149688786e-05
2266.163570282097	2.371373705661655e-05
2256.018158946621	2.818382931264455e-05
2245.1351689242733	3.349654391578279e-05
2234.3548733201346	3.981071705534977e-05
2223.5040971583458	4.731512589614803e-05
2212.9208743115237	5.623413251903491e-05
2203.132902756452	6.683439175686148e-05
2195.248928421173	7.943282347242821e-05
2190.0466445106217	9.440608762859246e-05
2186.5564861257285	0.00011220184543019629
2184.610714273976	0.0001333521432163324
2183.94459630587	0.00015848931924611142
2184.3376961703816	0.00018836490894898024
2186.156547725443	0.00022387211385683424
2188.8840216019917	0.0002660725059798809
2192.0711922461032	0.0003162277660168379
2195.126281578732	0.00037583740428844437
2198.0717467196246	0.0004466835921509635
2202.14008200454	0.0005308844442309889
2205.8827958685724	0.000630957344480193
2208.3368576060393	0.0007498942093324559
2208.977567991541	0.0008912509381337458
2209.296731074026	0.0010592537251772895
2208.304586259972	0.0012589254117941673
2205.144041096907	0.0014962356560944345
2199.2727213222047	0.0017782794100389225
2191.4458927019273	0.0021134890398366475
2182.1786330669793	0.002511886431509582
2170.053618942393	0.0029853826189179603
2155.118977417661	0.0035481338923357567
2138.042185209587	0.004216965034285822
2120.4902575405927	0.0050118723362727255
2102.1660218083202	0.005956621435290103
2082.6979008834774	0.00707945784384138
2062.204353930401	0.008413951416451957
2041.1      	0.01        
2021.0956819862754	0.01188502227437019
2001.5765446007122	0.014125375446227554
1982.7653915489946	0.016788040181225587
1964.8740884749413	0.01995262314968883
1948.3347292224896	0.023713737056616554
1933.8364025059002	0.02818382931264455
1920.6926785452602	0.033496543915782793
1909.0282002172853	0.03981071705534969
1898.8190325099422	0.04731512589614813
1890.0410998055193	0.056234132519034905
1882.4430683352023	0.06683439175686148
1875.532852551053	0.07943282347242821
1869.2104440541982	0.09440608762859228
1863.3550299328724	0.11220184543019629
1858.26043265592	0.1333521432163324
1853.6326729499167	0.1584893192461114
1849.4968143382027	0.18836490894898023
1845.8433711377502	0.22387211385683378
1842.5726413134687	0.26607250597988086
1839.7738210401733	0.3162277660168379
1837.2693632577398	0.3758374042884443
1834.986990198159	0.4466835921509634
1832.8546246759497	0.5308844442309879
1830.9634832539177	0.630957344480193
1829.3726395786036	0.7498942093324559
1828.0732284744172	0.8912509381337458
1827.0339628665508	1.0592537251772898
1826.163593694656	1.2589254117941662
1825.5431747553087	1.4962356560944328
1825.1009481446856	1.7782794100389228
1824.7456752305823	2.1134890398366473
1824.4817141641508	2.511886431509582
1824.401460573065	2.9853826189179573
1824.3245049193004	3.548133892335753
1824.406994537043	4.216965034285823
1824.5650039255313	5.011872336272725
1824.74985785047	5.956621435290109
1825.0668194336884	7.079457843841373
1825.444745443754	8.413951416451948
1825.8      	10.0        
