# T(K)	P(bar)
2884.1      	1e-08       
2879.7144379739143	1.1885022274370215e-08
2874.2936876317954	1.4125375446227554e-08
2867.671266910588	1.6788040181225588e-08
2859.6424942016483	1.9952623149688826e-08
2849.9415238708834	2.3713737056616554e-08
2838.5648407305644	2.818382931264461e-08
2825.5720472864064	3.3496543915782795e-08
2811.045391029498	3.981071705534969e-08
2795.423488296785	4.731512589614813e-08
2781.707968446124	5.6234132519034905e-08
2771.776653300567	6.683439175686162e-08
2764.3288285527924	7.94328234724282e-08
2758.9765872677713	9.440608762859226e-08
2755.2272494534927	1.1220184543019653e-07
2752.670620050773	1.333521432163324e-07
2750.3914928478266	1.584893192461114e-07
2748.330288172699	1.883649089489802e-07
2746.4957085760307	2.2387211385683422e-07
2744.9800045111197	2.6607250597988136e-07
2744.097556428942	3.162277660168379e-07
2743.697957550516	3.7583740428844433e-07
2743.810780318996	4.466835921509635e-07
2744.473807521202	5.308844442309889e-07
2745.8133660284752	6.309573444801942e-07
2747.526464484606	7.498942093324558e-07
2749.7326206299035	8.912509381337459e-07
2753.6041118736425	1.0592537251772896e-06
2760.491250442754	1.2589254117941687e-06
2765.4546019575305	1.4962356560944327e-06
2769.291466697829	1.7782794100389227e-06
2772.3731793476977	2.1134890398366474e-06
2774.7840025528308	2.511886431509582e-06
2776.4693279656403	2.9853826189179636e-06
2776.801980322799	3.5481338923357534e-06
2776.3115300462646	4.216965034285822e-06
2774.954948968094	5.011872336272725e-06
2772.639099182212	5.95662143529011e-06
2769.0732813710047	7.079457843841388e-06
2764.3562074086985	8.413951416451948e-06
2758.3386715195634	1e-05       
2751.011452790884	1.188502227437019e-05
2742.437186780691	1.4125375446227555e-05
2732.676685552692	1.678804018122562e-05
2721.791091189736	1.9952623149688786e-05
2709.7431870855976	2.371373705661655e-05
2696.5733035155945	2.818382931264455e-05
2682.379832777422	3.349654391578279e-05
2667.980437934751	3.981071705534977e-05
2652.9633017689025	4.731512589614803e-05
2637.331379772874	5.623413251903491e-05
2621.087975543989	6.683439175686148e-05
2604.3643936206704	7.943282347242821e-05
2587.593361589471	9.440608762859246e-05
2569.9950097815718	0.00011220184543019629
2551.00749969598	0.0001333521432163324
2529.852867558415	0.00015848931924611142
2505.637915904511	0.00018836490894898024
2478.054077044938	0.00022387211385683424
2445.89332598809	0.0002660725059798809
2408.3886779958557	0.0003162277660168379
2364.886445155962	0.00037583740428844437
2315.5886601662883	0.0004466835921509635
2258.98276913261	0.0005308844442309889
2194.5623905995126	0.000630957344480193
2121.6651192261943	0.0007498942093324559
2039.5741010838021	0.0008912509381337458
1951.6865472915497	0.0010592537251772895
1872.754219139678	0.0012589254117941673
1813.0332033024345	0.0014962356560944345
1779.469228696718	0.0017782794100389225
1767.4522797039692	0.0021134890398366475
1765.052852544209	0.002511886431509582
1766.8552128351566	0.0029853826189179603
1771.505192377381	0.0035481338923357567
1777.897535628208	0.004216965034285822
1784.8402981283878	0.0050118723362727255
1791.871933119008	0.005956621435290103
1798.9468235209788	0.00707945784384138
1805.8364734332	0.008413951416451957
1812.2      	0.01        
1817.1241398187628	0.01188502227437019
1821.3922924103792	0.014125375446227554
1825.1125707266178	0.016788040181225587
1828.4162722978474	0.01995262314968883
1831.4378860074298	0.023713737056616554
1834.5796102003123	0.02818382931264455
1838.1742595623073	0.033496543915782793
1842.2782371132926	0.03981071705534969
1846.9270073378025	0.04731512589614813
1852.1780920806268	0.056234132519034905
1858.009302507257	0.06683439175686148
1864.393994306835	0.07943282347242821
1871.2597265085228	0.09440608762859228
1878.5130620683542	0.11220184543019629
1886.0005762481176	0.1333521432163324
1893.7321527194445	0.1584893192461114
1901.7325132588323	0.18836490894898023
1909.9976258389875	0.22387211385683378
1918.4536590432276	0.26607250597988086
1926.7055874639295	0.3162277660168379
1934.9572285979104	0.3758374042884443
1943.1412588883682	0.4466835921509634
1951.1610533525297	0.5308844442309879
1958.568023922156	0.630957344480193
1965.0421777277252	0.7498942093324559
1970.9338576279138	0.8912509381337458
1976.1543708611953	1.0592537251772898
1980.572929950385	1.2589254117941662
1983.519919912284	1.4962356560944328
1985.695259276572	1.7782794100389228
1987.201555500608	2.1134890398366473
1988.1280008509436	2.511886431509582
1988.6897759885467	2.9853826189179573
1989.0019803227988	3.548133892335753
1989.1534972685215	4.216965034285823
1989.2325019627656	5.011872336272725
1989.3      	5.956621435290109
1989.3      	7.079457843841373
1989.3      	8.413951416451948
1989.4      	10.0        
