# T(K)	P(bar)
2837.5      	1e-08       
2829.1135743711693	1.1885022274370215e-08
2818.332624432014	1.4125375446227554e-08
2805.177064366568	1.6788040181225588e-08
2789.480091195005	1.9952623149688826e-08
2770.6347635852403	2.3713737056616554e-08
2746.5952279536673	2.818382931264461e-08
2718.2512863318866	3.3496543915782795e-08
2686.8477681324575	3.981071705534969e-08
2654.321124094989	4.731512589614813e-08
2625.636094007322	5.6234132519034905e-08
2598.2849886033764	6.683439175686162e-08
2568.4756741850797	7.94328234724282e-08
2534.408603159059	9.440608762859226e-08
2494.778672643484	1.1220184543019653e-07
2451.858288125098	1.333521432163324e-07
2406.821349804359	1.584893192461114e-07
2363.7172415907053	1.883649089489802e-07
2326.6629844401045	2.2387211385683422e-07
2300.576919744005	2.6607250597988136e-07
2291.1026148738674	3.162277660168379e-07
2288.1      	3.7583740428844433e-07
2289.936799922678	4.466835921509635e-07
2295.3962047047444	5.308844442309889e-07
2304.6155191371518	6.309573444801942e-07
2317.1825635818695	7.498942093324558e-07
2331.4061849900518	8.912509381337459e-07
2348.623483918076	1.0592537251772896e-06
2370.792189160327	1.2589254117941687e-06
2389.4047573407397	1.4962356560944327e-06
2408.413351281467	1.7782794100389227e-06
2428.7555031280617	2.1134890398366474e-06
2450.044602305667	2.511886431509582e-06
2470.429014441553	2.9853826189179636e-06
2486.2009964627373	3.5481338923357534e-06
2502.594918195063	4.216965034285822e-06
2521.4705417233104	5.011872336272725e-06
2542.9792908646446	5.95662143529011e-06
2561.283822295509	7.079457843841388e-06
2576.162428685154	8.413951416451948e-06
2591.3032757051865	1e-05       
2607.8879190449907	1.188502227437019e-05
2626.2907685760865	1.4125375446227555e-05
2640.8924784131727	1.678804018122562e-05
2653.772460544809	1.9952623149688786e-05
2667.4430074202396	2.371373705661655e-05
2681.490934503755	2.818382931264455e-05
2693.5542347922874	3.349654391578279e-05
2703.6415113933026	3.981071705534977e-05
2714.8567591611977	4.731512589614803e-05
2726.229057382888	5.623413251903491e-05
2736.7115547357766	6.683439175686148e-05
2744.834437384246	7.943282347242821e-05
2751.0556166717056	9.440608762859246e-05
2757.1846691573687	0.00011220184543019629
2762.257142904096	0.0001333521432163324
2765.14459630587	0.00015848931924611142
2765.5376961703814	0.00018836490894898024
2764.363910859873	0.00022387211385683424
2761.176262124012	0.0002660725059798809
2755.3093493734295	0.0003162277660168379
2746.0417024940275	0.00037583740428844437
2733.019646081661	0.0004466835921509635
2716.498269911745	0.0005308844442309889
2695.776023022231	0.000630957344480193
2670.3847997169005	0.0007498942093324559
2640.351500396513	0.0008912509381337458
2607.475592310711	0.0010592537251772895
2572.6660356327207	0.0012589254117941673
2536.3394659588216	0.0014962356560944345
2499.0279795169763	0.0017782794100389225
2462.423720414064	0.0021134890398366475
2427.3530144661927	0.002511886431509582
2392.449109235327	0.0029853826189179603
2357.811043925361	0.0035481338923357567
2323.4408984819806	0.004216965034285822
2290.5212830316887	0.0050118723362727255
2258.0670757074035	0.005956621435290103
2225.959220130433	0.00707945784384138
2194.4315721728008	0.008413951416451957
2163.5      	0.01        
2134.4937388800995	0.01188502227437019
2106.034949801041	0.014125375446227554
2077.558618278357	0.016788040181225587
2048.35576034292	0.01995262314968883
2017.6625263455817	0.023713737056616554
1985.9931948114881	0.02818382931264455
1953.7368379659058	0.033496543915782793
1922.0061076151255	0.03981071705534969
1892.0042922167936	0.04731512589614813
1866.1407404984047	0.056234132519034905
1846.553306601134	0.06683439175686148
1831.488527961734	0.07943282347242821
1820.2483281897726	0.09440608762859228
1811.635261287355	0.11220184543019629
1805.845946199909	0.1333521432163324
1801.3766021130832	0.1584893192461114
1797.6417663094196	0.18836490894898023
1794.2273557996466	0.22387211385683378
1790.8768520772119	0.26607250597988086
1788.0738210401732	0.3162277660168379
1785.5183420329977	0.3758374042884443
1783.1568787240167	0.4466835921509634
1780.9648486477854	0.5308844442309879
1779.1525047850046	0.630957344480193
1777.9708477050226	0.7498942093324559
1777.4552306053156	0.8912509381337458
1777.5692963576494	1.0592537251772898
1777.940722414119	1.2589254117941662
1775.2263895544754	1.4962356560944328
1771.788912560045	1.7782794100389228
1767.7008720357953	2.1134890398366473
1763.1759931924514	2.511886431509582
1758.681792091626	2.9853826189179573
1755.429206610613	3.548133892335753
1753.1160655554859	4.216965034285823
1751.9674980372345	5.011872336272725
1752.186682640203	5.956621435290109
1754.0092117437086	7.079457843841373
1758.750639857554	8.413951416451948
1766.6      	10.0        
