# T(K)	P(bar)
2169.4      	1e-08       
2170.2463365313497	1.1885022274370215e-08
2171.266511642065	1.4125375446227554e-08
2172.438122181569	1.6788040181225588e-08
2173.771722262025	1.9952623149688826e-08
2175.3620452670684	2.3713737056616554e-08
2177.1153910879802	2.818382931264461e-08
2179.0598111963263	3.3496543915782795e-08
2181.258339482668	3.981071705534969e-08
2183.7674365594817	4.731512589614813e-08
2186.4321661304675	5.6234132519034905e-08
2189.3227726659193	6.683439175686162e-08
2192.4335737244733	7.94328234724282e-08
2195.7363137762945	9.440608762859226e-08
2199.2388874069684	1.1220184543019653e-07
2204.119725357615	1.333521432163324e-07
2209.0765877763965	1.584893192461114e-07
2213.9742795682523	1.883649089489802e-07
2218.7128742719087	2.2387211385683422e-07
2223.2599864666413	2.6607250597988136e-07
2227.3663190241896	3.162277660168379e-07
2231.3000400123583	3.7583740428844433e-07
2235.1453507588285	4.466835921509635e-07
2238.9907506481004	5.308844442309889e-07
2242.773033492165	6.309573444801942e-07
2246.618401053491	7.498942093324558e-07
2250.717547312962	8.912509381337459e-07
2255.562259934143	1.0592537251772896e-06
2261.759512265274	1.2589254117941687e-06
2267.886149291327	1.4962356560944327e-06
2274.025019313967	1.7782794100389227e-06
2280.82663208132	2.1134890398366474e-06
2288.5200127641533	2.511886431509582e-06
2296.946639828201	2.9853826189179636e-06
2306.008419522564	3.5481338923357534e-06
2315.5336612966566	4.216965034285822e-06
2325.9152787127177	5.011872336272725e-06
2337.2200958412163	5.95662143529011e-06
2348.1552704622522	7.079457843841388e-06
2358.3323306263574	8.413951416451948e-06
2368.9170154686076	1e-05       
2379.8649477605527	1.188502227437019e-05
2390.904228253836	1.4125375446227555e-05
2401.1332335407787	1.678804018122562e-05
2411.2956045426704	1.9952623149688786e-05
2421.706252657592	2.371373705661655e-05
2432.0521413729784	2.818382931264455e-05
2441.621268577142	3.349654391578279e-05
2449.5524860573296	3.981071705534977e-05
2457.0720494037087	4.731512589614803e-05
2464.06943989418	5.623413251903491e-05
2470.2891498445747	6.683439175686148e-05
2475.06731610838	7.943282347242821e-05
2478.1204232091745	9.440608762859246e-05
2480.19606901471	0.00011220184543019629
2480.9396428465784	0.0001333521432163324
2479.952148814215	0.00015848931924611142
2476.8859698710257	0.00018836490894898024
2472.041159347975	0.00022387211385683424
2465.2617023560206	0.0002660725059798809
2456.3361965799404	0.0003162277660168379
2445.1317328957066	0.00037583740428844437
2431.8771397616906	0.0004466835921509635
2416.528826439733	0.0005308844442309889
2399.0305132849358	0.000630957344480193
2379.2955197923934	0.0007498942093324559
2357.2711002907763	0.0008912509381337458
2334.02262114253	0.0010592537251772895
2309.03851807289	0.0012589254117941673
2282.176501891289	0.0014962356560944345
2253.3844583951054	0.0017782794100389225
2223.4211447881867	0.0021134890398366475
2192.6033373408595	0.002511886431509582
2160.3156290218226	0.0029853826189179603
2127.1917766552433	0.0035481338923357567
2094.1197876966175	0.004216965034285822
2063.6964464036937	0.0050118723362727255
2034.8898074554193	0.005956621435290103
2008.3458956010854	0.00707945784384138
1984.8960893924007	0.008413951416451957
1965.0      	0.01        
1949.765942435702	0.01188502227437019
1937.7538869056552	0.014125375446227554
1929.0439196375487	0.016788040181225587
1923.6875193986714	0.01995262314968883
1921.8586479428716	0.023713737056616554
1923.5260942733687	0.02818382931264455
1927.4979822675975	0.033496543915782793
1933.4750184480035	0.03981071705534969
1941.0652359277356	0.04731512589614813
1949.686419833865	0.056234132519034905
1958.4683179977574	0.06683439175686148
1966.9973577401277	0.07943282347242821
1974.9815012475062	0.09440608762859228
1982.2713282611508	0.11220184543019629
1988.2922159520947	0.1333521432163324
1993.5112562132501	0.1584893192461114
1998.0843756258184	0.18836490894898023
2002.1847515670793	0.22387211385683378
2006.0936725765862	0.26607250597988086
2009.5827236997834	0.3162277660168379
2013.0449338886483	0.3758374042884443
2016.6453507588285	0.4466835921509634
2020.531646535442	0.5308844442309879
2024.6291196165118	0.630957344480193
2028.6511370956307	0.7498942093324559
2032.5937003395397	0.8912509381337458
2036.3883337277462	1.0592537251772898
2039.972929950385	1.2589254117941662
2042.9199199122838	1.4962356560944328
2045.394311131886	1.7782794100389228
2047.5259486165073	2.1134890398366473
2049.3657167169818	2.511886431509582
2050.970788538705	2.9853826189179573
2052.207921291195	3.548133892335753
2053.3489617593	4.216965034285823
2054.455027478719	5.011872336272725
2055.5620380140276	5.956621435290109
2056.5921631594874	7.079457843841373
2057.7342363312623	8.413951416451948
2059.0      	10.0        
