# T(K)	P(bar)
2829.4      	1e-08       
2818.0898663537787	1.1885022274370215e-08
2794.7706973063127	1.4125375446227554e-08
2771.001717912475	1.6788040181225588e-08
2755.037596993357	1.9952623149688826e-08
2745.893239714357	2.3713737056616554e-08
2738.7789044383385	2.818382931264461e-08
2732.756654902057	3.3496543915782795e-08
2727.7602047387504	3.981071705534969e-08
2723.701100315873	4.731512589614813e-08
2720.722873148301	5.6234132519034905e-08
2718.351041912851	6.683439175686162e-08
2716.3275074228563	7.94328234724282e-08
2714.5427304813447	9.440608762859226e-08
2712.851499635662	1.1220184543019653e-07
2711.1470800338484	1.333521432163324e-07
2709.3212795838513	1.584893192461114e-07
2707.3215741942868	1.883649089489802e-07
2705.1195398568902	2.2387211385683422e-07
2702.726322912294	2.6607250597988136e-07
2700.119719871275	3.162277660168379e-07
2697.1591510103194	3.7583740428844433e-07
2693.814872189456	4.466835921509635e-07
2690.027457577216	5.308844442309889e-07
2685.614794259141	6.309573444801942e-07
2680.221502482973	7.498942093324558e-07
2674.084140241188	8.912509381337459e-07
2665.049924313216	1.0592537251772896e-06
2651.5186725114586	1.2589254117941687e-06
2658.6534903139504	1.4962356560944327e-06
1698.5492333089794	1.7782794100389227e-06
1189.224651666017	2.1134890398366474e-06
1402.5919693660314	2.511886431509582e-06
1382.3680644123176	2.9853826189179636e-06
1398.6844128346322	3.5481338923357534e-06
1411.0011476392638	4.216965034285822e-06
1421.2252551595302	5.011872336272725e-06
1431.5455933645712	5.95662143529011e-06
1441.3714024443425	7.079457843841388e-06
1450.8117888276	8.413951416451948e-06
1460.3614194722475	1e-05       
1470.0400262810683	1.188502227437019e-05
1479.8490082078004	1.4125375446227555e-05
1489.453341416151	1.678804018122562e-05
1499.057671475505	1.9952623149688786e-05
1508.836429717903	2.371373705661655e-05
1518.8582036732291	2.818382931264455e-05
1529.2565895219402	3.349654391578279e-05
1539.4978703458723	3.981071705534977e-05
1550.2519884736087	4.731512589614803e-05
1561.509002738418	5.623413251903491e-05
1573.2821512677413	6.683439175686148e-05
1585.5461113448416	7.943282347242821e-05
1597.9260035967668	9.440608762859246e-05
1611.0163900757696	0.00011220184543019629
1624.7782144958283	0.0001333521432163324
1639.1857403618817	0.00015848931924611142
1654.044915240414	0.00018836490894898024
1669.3464073097464	0.00022387211385683424
1685.3941588979578	0.0002660725059798809
1702.1978923592244	0.0003162277660168379
1719.7709822701522	0.00037583740428844437
1737.7538220777062	0.0004466835921509635
1756.6150907564352	0.0005308844442309889
1776.6664353865708	0.000630957344480193
1798.0926594159107	0.0007498942093324559
1820.9980556975927	0.0008912509381337458
1844.722475468509	0.0010592537251772895
1870.0701321633057	0.0012589254117941673
1897.3734643583455	0.0014962356560944345
1926.9546613244268	0.0017782794100389225
1958.5782113053442	0.0021134890398366475
1992.3704516368139	0.002511886431509582
2029.2981531033058	0.0029853826189179603
2069.303320819832	0.0035481338923357567
2112.208825287543	0.004216965034285822
2156.985742985333	0.0050118723362727255
2203.138020564887	0.005956621435290103
2249.3945749618506	0.00707945784384138
2294.194046985199	0.008413951416451957
2336.0      	0.01        
2368.776305668641	0.01188502227437019
2397.2700335674376	0.014125375446227554
2421.814444450319	0.016788040181225587
2442.7753587691727	0.01995262314968883
2460.189395674398	0.023713737056616554
2475.0445350746177	0.02818382931264455
2489.1794984368116	0.033496543915782793
2502.87933459906	0.03981071705534969
2516.4057196727645	0.04731512589614813
2529.415869931105	0.056234132519034905
2541.9649052424465	0.06683439175686148
2554.5228834680797	0.07943282347242821
2567.1404087594065	0.09440608762859228
2579.8514425869757	0.11220184543019629
2592.2019814401942	0.1333521432163324
2604.8434089326947	0.1584893192461114
2617.815506805497	0.18836490894898023
2631.1386228157253	0.22387211385683378
2644.779959399924	0.26607250597988086
2658.26614772138	0.3162277660168379
2671.928714329851	0.3758374042884443
2685.679173552469	0.4466835921509634
2699.448299183857	0.5308844442309879
2712.922681815837	0.630957344480193
2725.6179874343807	0.7498942093324559
2737.815409202672	0.8912509381337458
2749.3650011832383	1.0592537251772898
2760.105137486651	1.2589254117941662
2768.713450270092	1.4962356560944328
2775.4848296850296	1.7782794100389228
2780.744803194787	2.1134890398366473
2784.6217184188686	2.511886431509582
2787.3503405157985	2.9853826189179573
2788.8344065332944	3.548133892335753
2789.8349726852143	4.216965034285823
2790.462509813828	5.011872336272725
2790.8124644626178	5.956621435290109
2790.891704858422	7.079457843841373
2790.9      	8.413951416451948
2790.9      	10.0        
