# T(K)	P(bar)
2548.1      	1e-08       
2546.9459047299774	1.1885022274370215e-08
2546.6547508315757	1.4125375446227554e-08
2546.6663673636517	1.6788040181225588e-08
2546.6      	1.9952623149688826e-08
2546.6      	2.3713737056616554e-08
2546.6      	2.818382931264461e-08
2546.6      	3.3496543915782795e-08
2546.6      	3.981071705534969e-08
2546.5921342188385	4.731512589614813e-08
2546.513759819692	5.6234132519034905e-08
2546.5      	6.683439175686162e-08
2546.5      	7.94328234724282e-08
2546.5      	9.440608762859226e-08
2546.5      	1.1220184543019653e-07
2546.5      	1.333521432163324e-07
2546.5      	1.584893192461114e-07
2546.5      	1.883649089489802e-07
2546.5      	2.2387211385683422e-07
2546.5      	2.6607250597988136e-07
2546.5      	3.162277660168379e-07
2546.5      	3.7583740428844433e-07
2546.5      	4.466835921509635e-07
2546.5      	5.308844442309889e-07
2546.5      	6.309573444801942e-07
2546.4336319789304	7.498942093324558e-07
2546.5343081840533	8.912509381337459e-07
2550.5938162259363	1.0592537251772896e-06
2563.382500885508	1.2589254117941687e-06
2573.309203915061	1.4962356560944327e-06
2581.5810371062876	1.7782794100389227e-06
2590.461230236663	2.1134890398366474e-06
2601.418307109438	2.511886431509582e-06
2615.5429391406037	2.9853826189179636e-06
2626.7467867014557	3.5481338923357534e-06
2637.147650370742	4.216965034285822e-06
2649.2428709627015	5.011872336272725e-06
2663.8572049300087	5.95662143529011e-06
2675.664023904895	7.079457843841388e-06
2684.6912470288426	8.413951416451948e-06
2695.2837124658777	1e-05       
2708.3787305312153	1.188502227437019e-05
2723.7422783689253	1.4125375446227555e-05
2735.532963852348	1.678804018122562e-05
2745.933042675933	1.9952623149688786e-05
2758.4430074202396	2.371373705661655e-05
2772.2642659734793	2.818382931264455e-05
2783.4153817530087	3.349654391578279e-05
2790.9615886759057	3.981071705534977e-05
2800.727645945791	4.731512589614803e-05
2811.843995907859	5.623413251903491e-05
2822.689267274633	6.683439175686148e-05
2829.617608357151	7.943282347242821e-05
2833.75109430705	9.440608762859246e-05
2838.636438100749	0.00011220184543019629
2841.9842857095905	0.0001333521432163324
2841.0845709789955	0.00015848931924611142
2835.659792848738	0.00018836490894898024
2828.7496689456966	0.00022387211385683424
2819.01660442203	0.0002660725059798809
2805.785516534692	0.0003162277660168379
2788.7226753477576	0.00037583740428844437
2768.25944384261	0.0004466835921509635
2744.68305415027	0.0005308844442309889
2717.6599227303373	0.000630957344480193
2687.200511686703	0.0007498942093324559
2653.963660438808	0.0008912509381337458
2620.382130162659	0.0010592537251772895
2585.4703607508186	0.0012589254117941673
2549.3644490836386	0.0014962356560944345
2512.145793063999	0.0017782794100389225
2474.2765919618505	0.0021134890398366475
2435.0614644739308	0.002511886431509582
2392.7721637785176	0.0029853826189179603
2346.558460980951	0.0035481338923357567
2295.1010685607657	0.004216965034285822
2235.1124802165136	0.0050118723362727255
2156.1878728803795	0.005956621435290103
2042.5461944862957	0.00707945784384138
1901.0449121780039	0.008413951416451957
1762.9      	0.01        
1746.2810281116751	0.01188502227437019
1743.7090365893469	0.014125375446227554
1750.2740385433337	0.016788040181225587
1761.4737780961989	0.01995262314968883
1774.1963621365464	0.023713737056616554
1787.8719567281928	0.02818382931264455
1802.6970382492293	0.033496543915782793
1818.4207391929538	0.03981071705534969
1834.7282167003748	0.04731512589614813
1850.9517173237277	0.056234132519034905
1868.081607293839	0.06683439175686148
1885.9249257714362	0.07943282347242821
1904.36061313911	0.09440608762859228
1923.400805686441	0.11220184543019629
1941.0003235522765	0.1333521432163324
1957.9668068196113	0.1584893192461114
1974.238884582427	0.18836490894898023
1989.7468222110726	0.22387211385683378
2004.425219471263	0.26607250597988086
2018.1120465524816	0.3162277660168379
2031.267480857689	0.3758374042884443
2043.7866096471967	0.4466835921509634
2055.559788254111	0.5308844442309879
2066.03986363454	0.630957344480193
2075.1323224230296	0.7498942093324559
2083.2978618897105	0.8912509381337458
2090.510630322043	1.0592537251772898
2096.804902807258	1.2589254117941662
2102.00091142429	1.4962356560944328
2106.549380779521	1.7782794100389228
2110.574734848306	2.1134890398366473
2114.076575926416	2.511886431509582
2117.045958796604	2.9853826189179573
2119.44034750169	3.548133892335753
2121.4304371759927	4.216965034285823
2123.085035329781	5.011872336272725
2124.44957355141	5.956621435290109
2125.4004583010656	7.079457843841373
2126.051592710007	8.413951416451948
2126.7      	10.0        
