# T(K)	P(bar)
1666.4      	1e-08       
1666.4      	1.1885022274370215e-08
1666.4      	1.4125375446227554e-08
1666.4      	1.6788040181225588e-08
1666.4      	1.9952623149688826e-08
1666.4      	2.3713737056616554e-08
1666.4      	2.818382931264461e-08
1666.4      	3.3496543915782795e-08
1666.4      	3.981071705534969e-08
1666.4      	4.731512589614813e-08
1666.4      	5.6234132519034905e-08
1666.4      	6.683439175686162e-08
1666.4      	7.94328234724282e-08
1666.4      	9.440608762859226e-08
1666.4      	1.1220184543019653e-07
1666.4      	1.333521432163324e-07
1666.3425533159939	1.584893192461114e-07
1666.3      	1.883649089489802e-07
1666.3      	2.2387211385683422e-07
1666.3      	2.6607250597988136e-07
1666.3      	3.162277660168379e-07
1666.3      	3.7583740428844433e-07
1666.3      	4.466835921509635e-07
1666.3      	5.308844442309889e-07
1666.3      	6.309573444801942e-07
1666.3      	7.498942093324558e-07
1666.3447693946846	8.912509381337459e-07
1669.4473344376893	1.0592537251772896e-06
1679.5005866984832	1.2589254117941687e-06
1688.0313471145057	1.4962356560944327e-06
1695.4427437667216	1.7782794100389227e-06
1705.080084814943	2.1134890398366474e-06
1717.6171629150983	2.511886431509582e-06
1730.859005444316	2.9853826189179636e-06
1741.3673309751584	3.5481338923357534e-06
1751.119672222571	4.216965034285822e-06
1761.4127846010144	5.011872336272725e-06
1772.7954512150413	5.95662143529011e-06
1782.9382218780308	7.079457843841388e-06
1791.1017561413344	8.413951416451948e-06
1801.2420382165606	1e-05       
1813.8865970140703	1.188502227437019e-05
1828.4284733574166	1.4125375446227555e-05
1840.062990821191	1.678804018122562e-05
1850.3704808091948	1.9952623149688786e-05
1861.5691728501997	2.371373705661655e-05
1873.4818410533792	2.818382931264455e-05
1884.3283327661015	3.349654391578279e-05
1892.721562915038	3.981071705534977e-05
1903.344587897289	4.731512589614803e-05
1915.713845635566	5.623413251903491e-05
1928.6264913299115	6.683439175686148e-05
1938.9791849014898	7.943282347242821e-05
1947.0021886141008	9.440608762859246e-05
1955.727003736053	0.00011220184543019629
1964.0010715259987	0.0001333521432163324
1970.2835282304811	0.00015848931924611142
1973.6641870652793	0.00018836490894898024
1975.6312611096203	0.00022387211385683424
1975.8778473360026	0.0002660725059798809
1973.365911060835	0.0003162277660168379
1966.6716112889906	0.00037583740428844437
1954.347165041572	0.0004466835921509635
1936.4747237342353	0.0005308844442309889
1912.1346684529628	0.000630957344480193
1876.018277831536	0.0007498942093324559
1815.711412796198	0.0008912509381337458
1319.9136755892343	0.0010592537251772895
1165.8352700766484	0.0012589254117941673
1179.2566339104137	0.0014962356560944345
1173.0455466132444	0.0017782794100389225
1173.3617821130536	0.0021134890398366475
1173.805920338196	0.002511886431509582
1174.5983217725925	0.0029853826189179603
1175.6807327298825	0.0035481338923357567
1176.9062154711903	0.004216965034285822
1178.3883782521277	0.0050118723362727255
1180.1082907883206	0.005956621435290103
1182.1158545908697	0.00707945784384138
1184.4029199548	0.008413951416451957
1186.9      	0.01        
1189.592888963386	0.01188502227437019
1192.6447840946187	0.014125375446227554
1196.114366544706	0.016788040181225587
1200.0608223336696	0.01995262314968883
1204.5137267477915	0.023713737056616554
1209.605704473681	0.02818382931264455
1215.330979312197	0.033496543915782793
1221.7088882255516	0.03981071705534969
1228.818041240768	0.04731512589614813
1236.9689787520178	0.056234132519034905
1245.923346699433	0.06683439175686148
1255.7389794611224	0.07943282347242821
1266.5879855865214	0.09440608762859228
1278.784390329505	0.11220184543019629
1292.2927922002125	0.1333521432163324
1307.7082346020559	0.1584893192461114
1324.907214330574	0.18836490894898023
1344.024141287987	0.22387211385683378
1365.5630937893532	0.26607250597988086
1388.6577740807736	0.3162277660168379
1413.5349617153777	0.3758374042884443
1440.1691274239333	0.4466835921509634
1468.6157812129672	0.5308844442309879
1498.7952464062314	0.630957344480193
1529.945416554347	0.7498942093324559
1562.447915162167	0.8912509381337458
1596.8251892169606	1.0592537251772898
1634.0163511775263	1.2589254117941662
1673.4905061934855	1.4962356560944328
1714.5985485186377	1.7782794100389228
1757.5897241414402	2.1134890398366473
1802.8812165245436	2.511886431509582
1851.5148927227597	2.9853826189179573
1899.8109106794077	3.548133892335753
1948.8497818999763	4.216965034285823
2000.103828792323	5.011872336272725
2055.2355982014546	5.956621435290109
2115.220577825541	7.079457843841373
2188.6564124432975	8.413951416451948
2289.5      	10.0        
