# T(K)	P(bar)
2674.8      	1e-08       
2662.18189171442	1.1885022274370215e-08
2659.166511642065	1.4125375446227554e-08
2659.530938909216	1.6788040181225588e-08
2658.959241660696	1.9952623149688826e-08
2658.72069320994	2.3713737056616554e-08
2658.4892968146114	2.818382931264461e-08
2658.254637169655	3.3496543915782795e-08
2658.0446232591826	3.981071705534969e-08
2657.8921342188387	4.731512589614813e-08
2657.813759819692	5.6234132519034905e-08
2657.736242824581	6.683439175686162e-08
2657.657717714037	7.94328234724282e-08
2657.5782252610165	9.440608762859226e-08
2657.4977954379847	1.1220184543019653e-07
2657.4203218197204	1.333521432163324e-07
2657.342553315994	1.584893192461114e-07
2657.263762007196	1.883649089489802e-07
2657.1839846618964	2.2387211385683422e-07
2657.104210763743	2.6607250597988136e-07
2657.027050584449	3.162277660168379e-07
2656.897957550516	3.7583740428844433e-07
2656.769888525858	4.466835921509635e-07
2656.6897760281645	5.308844442309889e-07
2656.6109784689133	6.309573444801942e-07
2656.4008959367907	7.498942093324558e-07
2656.479077578738	8.912509381337459e-07
2662.601187323779	1.0592537251772896e-06
2681.8372276832206	1.2589254117941687e-06
2694.4007112049994	1.4962356560944327e-06
2707.4079527096255	1.7782794100389227e-06
2723.883879280972	2.1134890398366474e-06
2743.7983156188743	2.511886431509582e-06
2763.5406990260713	2.9853826189179636e-06
2776.3566883154494	3.5481338923357534e-06
2787.1406558336994	4.216965034285822e-06
2801.8080319094825	5.011872336272725e-06
2822.8297173132346	5.95662143529011e-06
2840.1833639944434	7.079457843841388e-06
2851.9286687801177	8.413951416451948e-06
2865.372702456779	1e-05       
2880.206924236667	1.188502227437019e-05
2894.4663508056265	1.4125375446227555e-05
2905.3981121809848	1.678804018122562e-05
2915.4453570757187	1.9952623149688786e-05
2928.048464608956	2.371373705661655e-05
2941.5872915327786	2.818382931264455e-05
2950.462400335811	3.349654391578279e-05
2954.5435122430918	3.981071705534977e-05
2960.074679292439	4.731512589614803e-05
2965.8095491831205	5.623413251903491e-05
2970.3815641174483	6.683439175686148e-05
2971.894650100987	7.943282347242821e-05
2972.5011305911635	9.440608762859246e-05
2974.6423345786843	0.00011220184543019629
2976.6      	0.0001333521432163324
2976.2699873365627	0.00015848931924611142
2973.3610483391785	0.00018836490894898024
2969.6471338417723	0.00022387211385683424
2963.418189634021	0.0002660725059798809
2953.519152110358	0.0003162277660168379
2938.975846538803	0.00037583740428844437
2919.7528108824517	0.0004466835921509635
2896.131466570845	0.0005308844442309889
2865.0478908764353	0.000630957344480193
2825.0185723462855	0.0007498942093324559
2776.8852046354777	0.0008912509381337458
2717.7083544074612	0.0010592537251772895
2644.024726738614	0.0012589254117941673
2554.7741542773615	0.0014962356560944345
2442.924667886493	0.0017782794100389225
2277.849736986104	0.0021134890398366475
1724.520675610294	0.002511886431509582
1513.2235141509989	0.0029853826189179603
1579.3485764654167	0.0035481338923357567
1624.112467303521	0.004216965034285822
1639.6361722196539	0.0050118723362727255
1656.493067609008	0.005956621435290103
1674.1065406263053	0.00707945784384138
1692.1149299915996	0.008413951416451957
1710.4      	0.01        
1727.480609996334	0.01188502227437019
1745.3569437572228	0.014125375446227554
1763.6691389963978	0.016788040181225587
1781.9346004298686	0.01995262314968883
1799.1100888843378	0.023713737056616554
1815.419457372339	0.02818382931264455
1832.2145780616468	0.033496543915782793
1849.3806880082664	0.03981071705534969
1866.6596798250198	0.04731512589614813
1883.1966780449593	0.056234132519034905
1899.8077927150684	0.06683439175686148
1916.6061269100692	0.07943282347242821
1933.2767225357009	0.09440608762859228
1949.421731104371	0.11220184543019629
1964.242377728233	0.1333521432163324
1978.5178748950002	0.1584893192461114
1992.1430308198885	0.18836490894898023
2004.970270039341	0.22387211385683378
2016.776806966016	0.26607250597988086
2027.1752216837995	0.3162277660168379
2036.8715257442987	0.3758374042884443
2045.8617047849373	0.4466835921509634
2054.140605408859	0.5308844442309879
2061.3899808599826	0.630957344480193
2067.643073664516	0.7498942093324559
2073.2100106544917	0.8912509381337458
2078.033444891446	1.0592537251772898
2082.0683791622173	1.2589254117941662
2084.9378167566974	1.4962356560944328
2087.035448905509	1.7782794100389228
2088.5401366929627	2.1134890398366473
2089.5097150150946	2.511886431509582
2089.9912365616115	2.9853826189179573
2090.2264852420994	3.548133892335753
2090.3534972685216	4.216965034285823
2090.432501962766	5.011872336272725
2090.5124644626176	5.956621435290109
2090.591704858422	7.079457843841373
2090.6689490887507	8.413951416451948
2090.7      	10.0        
