# T(K)	P(bar)
3024.8      	1e-08       
3024.6461206306635	1.1885022274370215e-08
3024.435747505272	1.4125375446227554e-08
3024.199102090956	1.6788040181225588e-08
3023.959241660696	1.9952623149688826e-08
3023.72069320994	2.3713737056616554e-08
3023.4190624194816	2.818382931264461e-08
3023.106182892873	3.3496543915782795e-08
3022.733869777548	3.981071705534969e-08
3022.2528053130327	4.731512589614813e-08
3021.7825589181525	5.6234132519034905e-08
3021.1899425966485	6.683439175686162e-08
3020.4771771403725	7.94328234724282e-08
3019.638703132197	9.440608762859226e-08
3018.6691361317844	1.1220184543019653e-07
3017.5845054760857	1.333521432163324e-07
3016.2085130038827	1.584893192461114e-07
3014.6027641583078	1.883649089489802e-07
3012.7515705330975	2.2387211385683422e-07
3010.517901384808	2.6607250597988136e-07
3007.919719871275	3.162277660168379e-07
3004.857108560836	3.7583740428844433e-07
3001.2944262928872	4.466835921509635e-07
2997.186561689875	5.308844442309889e-07
2992.458708134794	6.309573444801942e-07
2986.955134461903	7.498942093324558e-07
2980.7393708465033	8.912509381337459e-07
2973.874962156608	1.0592537251772896e-06
2966.3493546316686	1.2589254117941687e-06
2956.9655181740436	1.4962356560944327e-06
2946.4863584222608	1.7782794100389227e-06
2935.498633070374	2.1134890398366474e-06
2924.5411271754683	2.511886431509582e-06
2914.188413925353	2.9853826189179636e-06
2904.7141050739374	3.5481338923357534e-06
2894.156885138479	4.216965034285822e-06
2880.9370976330483	5.011872336272725e-06
2863.111371962397	5.95662143529011e-06
2837.7544453049227	7.079457843841388e-06
2801.8665392221055	8.413951416451948e-06
2752.2842584167424	1e-05       
2688.2640567857447	1.188502227437019e-05
2612.2362350281346	1.4125375446227555e-05
2544.7716505402072	1.678804018122562e-05
2498.6422106288906	1.9952623149688786e-05
2465.897288548628	2.371373705661655e-05
2441.8981365833165	2.818382931264455e-05
2420.3491452816675	3.349654391578279e-05
2397.4025160671436	3.981071705534977e-05
2367.28794894722	4.731512589614803e-05
2329.3088046212406	5.623413251903491e-05
2282.2523718961907	6.683439175686148e-05
2223.958743477766	7.943282347242821e-05
2164.274504380821	9.440608762859246e-05
2096.928663281435	0.00011220184543019629
2023.4417845838952	0.0001333521432163324
1947.3651124350754	0.00015848931924611142
1880.0664156307182	0.00018836490894898024
1827.6982558515206	0.00022387211385683424
1787.3727585360832	0.0002660725059798809
1759.4689254286086	0.0003162277660168379
1743.5610336570883	0.00037583740428844437
1735.6547851210084	0.0004466835921509635
1730.066928345939	0.0005308844442309889
1726.4161870219298	0.000630957344480193
1724.5315711969802	0.0007498942093324559
1724.2112160042295	0.0008912509381337458
1725.238558759091	0.0010592537251772895
1726.747576299077	0.0012589254117941673
1728.581144530106	0.0014962356560944345
1730.5960529860877	0.0017782794100389225
1732.6515837348475	0.0021134890398366475
1734.5236813527845	0.002511886431509582
1736.2665197864958	0.0029853826189179603
1737.8061149118746	0.0035481338923357567
1739.0614931675314	0.004216965034285822
1739.9195874091265	0.0050118723362727255
1740.3449201370993	0.005956621435290103
1740.5      	0.00707945784384138
1740.4222038768	0.008413951416451957
1740.1      	0.01        
1738.9459047299774	0.01188502227437019
1737.778737526359	0.014125375446227554
1736.7973062728677	0.016788040181225587
1736.023380529684	0.01995262314968883
1734.9896705764056	0.023713737056616554
1734.4785936292226	0.02818382931264455
1735.0268141517267	0.033496543915782793
1736.7690929643024	0.03981071705534969
1739.6539601522554	0.04731512589614813
1743.1808081138538	0.056234132519034905
1749.2193599106085	0.06683439175686148
1757.6275680313086	0.07943282347242821
1768.3404087594067	0.09440608762859228
1781.1634649115745	0.11220184543019629
1797.450738024256	0.1333521432163324
1818.0793137232224	0.1584893192461114
1843.0282494526864	0.18836490894898023
1872.5506567369864	0.22387211385683378
1907.1725285354787	0.26607250597988086
1948.9033303062563	0.3162277660168379
1996.8637960823035	0.3758374042884443
2050.5308187531386	0.4466835921509634
2108.970218594922	0.5308844442309879
2168.856363625942	0.630957344480193
2223.8567188120837	0.7498942093324559
2273.4662489169996	0.8912509381337458
2316.407522471411	1.0592537251772898
2352.0425998492647	1.2589254117941662
2376.626700320894	1.4962356560944328
2394.5611260678893	1.7782794100389228
2407.5454866596	2.1134890398366473
2416.434866016983	2.511886431509582
2422.293378166273	2.9853826189179573
2425.7972786314863	3.548133892335753
2428.3979235186	4.216965034285823
2430.285035329781	5.011872336272725
2431.6371090887924	5.956621435290109
2432.5087534426434	7.079457843841373
2433.013694532505	8.413951416451948
2433.4      	10.0        
