# T(K)	P(bar)
985.0       	1e-08       
985.1538793693363	1.1885022274370215e-08
985.3642524947282	1.4125375446227554e-08
985.6008979090441	1.6788040181225588e-08
985.8543444524049	1.9952623149688826e-08
986.1724090534137	2.3713737056616554e-08
986.5511719756479	2.818382931264461e-08
986.9907256606907	3.3496543915782795e-08
987.5215069632691	3.981071705534969e-08
988.1786578116123	4.731512589614813e-08
988.9624018030787	5.6234132519034905e-08
989.8650861050271	6.683439175686162e-08
990.8919520034788	7.94328234724282e-08
992.0919453017046	9.440608762859226e-08
993.5485003643382	1.1220184543019653e-07
995.2529199661514	1.333521432163324e-07
997.193613784161	1.584893192461114e-07
999.4233777769301	1.883649089489802e-07
1001.9925675098352	2.2387211385683422e-07
1004.944201741504	2.6607250597988136e-07
1008.3097742842327	3.162277660168379e-07
1012.1020824618423	3.7583740428844433e-07
1016.3464655002512	4.466835921509635e-07
1021.0441102256317	5.308844442309889e-07
1026.0083564584663	6.309573444801942e-07
1031.2130254327478	7.498942093324558e-07
1036.5890882332294	8.912509381337459e-07
1042.0204079946443	1.0592537251772896e-06
1047.3730472900816	1.2589254117941687e-06
1052.0261893351849	1.4962356560944327e-06
1056.1503289242066	1.7782794100389227e-06
1059.7046665018242	2.1134890398366474e-06
1062.6302892396234	2.511886431509582e-06
1064.9576433811221	2.9853826189179636e-06
1066.5853966946936	3.5481338923357534e-06
1067.741967222257	4.216965034285822e-06
1068.462509813828	5.011872336272725e-06
1068.75014214953	5.95662143529011e-06
1068.4331805663116	7.079457843841388e-06
1067.5726109349903	8.413951416451948e-06
1066.2555050045496	1e-05       
1064.4563874109024	1.188502227437019e-05
1062.1653148043479	1.4125375446227555e-05
1059.5104584703322	1.678804018122562e-05
1056.4975253304822	1.9952623149688786e-05
1053.1508853015548	2.371373705661655e-05
1049.5315071888235	2.818382931264455e-05
1045.7434864883223	3.349654391578279e-05
1042.0473851383317	3.981071705534977e-05
1038.5322321940087	4.731512589614803e-05
1035.2002732223511	5.623413251903491e-05
1032.0665100932551	6.683439175686148e-05
1029.199610334972	7.943282347242821e-05
1026.494347044181	9.440608762859246e-05
1023.2588447169027	0.00011220184543019629
1019.3799999342659	0.0001333521432163324
1014.7578131954737	0.00015848931924611142
1009.097175146509	0.00018836490894898024
1002.214726268861	0.00022387211385683424
994.4311641900211	0.0002660725059798809
986.1386104908252	0.0003162277660168379
977.8975888509317	0.00037583740428844437
970.8439749608997	0.0004466835921509635
963.8847842385255	0.0005308844442309889
957.8081368759829	0.000630957344480193
953.0643903675378	0.0007498942093324559
949.6205720454668	0.0008912509381337458
946.7552375652594	0.0010592537251772895
944.7045862599717	0.0012589254117941673
943.7937373436127	0.0014962356560944345
944.1935731062881	0.0017782794100389225
945.5375739804772	0.0021134890398366475
947.3913347424839	0.002511886431509582
950.317138579943	0.0029853826189179603
954.3736952835143	0.0035481338923357567
959.3913201570174	0.004216965034285822
964.8519198762601	0.0050118723362727255
971.3270129819086	0.005956621435290103
978.7648988667396	0.00707945784384138
987.0004953263998	0.008413951416451957
995.7       	0.01        
1007.2409527002256	0.01188502227437019
1021.869169641517	0.014125375446227554
1038.6673431783092	0.016788040181225587
1056.8199088049946	0.01995262314968883
1075.6652364147594	0.023713737056616554
1095.9823491044654	0.02818382931264455
1118.7270086952253	0.033496543915782793
1142.6957576409575	0.03981071705534969
1166.3181502874672	0.04731512589614813
1188.4197308468176	0.056234132519034905
1209.769466064785	0.06683439175686148
1230.3128537766543	0.07943282347242821
1249.6775415323234	0.09440608762859228
1267.694216137935	0.11220184543019629
1285.062161400273	0.1333521432163324
1303.3998449994724	0.1584893192461114
1322.8044501722663	0.18836490894898023
1343.5483560214382	0.22387211385683378
1366.2041430969493	0.26607250597988086
1391.838054209499	0.3162277660168379
1421.00236254835	0.3758374042884443
1453.9706092605863	0.4466835921509634
1491.2209447911287	0.5308844442309879
1533.7716267868539	0.630957344480193
1580.31722889473	0.7498942093324559
1630.4478004917585	0.8912509381337458
1683.7812653770402	1.0592537251772898
1739.9629151164763	1.2589254117941662
1795.5679625554603	1.4962356560944328
1848.2337071278744	1.7782794100389228
1896.8369548726305	2.1134890398366473
1940.35891537171	2.511886431509582
1978.8003855019833	2.9853826189179573
2012.340360104367	3.548133892335753
2044.5593992141344	4.216965034285823
2076.2032792179502	5.011872336272725
2108.3223255376765	5.956621435290109
2142.157974546243	7.079457843841373
2178.5197662453897	8.413951416451948
2231.8      	10.0        
