# T(K)	P(bar)
2173.6      	1e-08       
2120.2038588402884	1.1885022274370215e-08
2058.7020589602907	1.4125375446227554e-08
1992.7140549222527	1.6788040181225588e-08
1926.7685513229908	1.9952623149688826e-08
1868.642245488653	2.3713737056616554e-08
1825.6031922349027	2.818382931264461e-08
1792.7348202335036	3.3496543915782795e-08
1769.5284561407238	3.981071705534969e-08
1754.5954351664584	4.731512589614813e-08
1745.5823792645956	5.6234132519034905e-08
1737.6242824581075	6.683439175686162e-08
1728.8415611125424	7.94328234724282e-08
1718.4031407185605	9.440608762859226e-08
1705.7701104070024	1.1220184543019653e-07
1690.662754845477	1.333521432163324e-07
1673.6021560465883	1.584893192461114e-07
1655.0941677485798	1.883649089489802e-07
1635.772334193226	2.2387211385683422e-07
1616.7063725346095	2.6607250597988136e-07
1600.2347239032426	3.162277660168379e-07
1585.724349344375	3.7583740428844433e-07
1573.5360657322174	4.466835921509635e-07
1563.982082253166	5.308844442309889e-07
1557.6782775130587	6.309573444801942e-07
1554.3443832204166	7.498942093324558e-07
1553.2790775787378	8.912509381337459e-07
1554.5157781458963	1.0592537251772896e-06
1558.0322075362662	1.2589254117941687e-06
1563.6935303578084	1.4962356560944327e-06
1570.7417956220359	1.7782794100389227e-06
1578.9210935437006	2.1134890398366474e-06
1588.049157809437	2.511886431509582e-06
1597.9203495130355	2.9853826189179636e-06
1608.0653506523595	3.5481338923357534e-06
1618.843114861521	4.216965034285822e-06
1630.242792452077	5.011872336272725e-06
1642.2319917057139	5.95662143529011e-06
1654.514253055428	7.079457843841388e-06
1666.6939560226292	8.413951416451948e-06
1678.9670609645132	1e-05       
1691.0774085002947	1.188502227437019e-05
1702.718033265345	1.4125375446227555e-05
1713.1032065719355	1.678804018122562e-05
1723.0453570757188	1.9952623149688786e-05
1732.7309725291868	2.371373705661655e-05
1742.1697164528784	2.818382931264455e-05
1751.4271554012748	3.349654391578279e-05
1759.7433834387532	3.981071705534977e-05
1767.9329057232521	4.731512589614803e-05
1776.1042964524456	5.623413251903491e-05
1784.3263738998528	6.683439175686148e-05
1792.5288926527187	7.943282347242821e-05
1801.4044497964283	9.440608762859246e-05
1812.4693383147371	0.00011220184543019629
1824.9575001889853	0.0001333521432163324
1837.7735662207926	0.00015848931924611142
1849.8810420477446	0.00018836490894898024
1862.4043436758222	0.00022387211385683424
1874.9750100759682	0.0002660725059798809
1886.9491728613618	0.0003162277660168379
1897.6718943205242	0.00037583740428844437
1908.6786324785962	0.0004466835921509635
1922.0062253126616	0.0005308844442309889
1935.180674919541	0.000630957344480193
1946.7699712913468	0.0007498942093324559
1956.4607158720585	0.0008912509381337458
1967.3339531279232	0.0010592537251772895
1978.459245944002	0.0012589254117941673
1988.6120528076501	0.0014962356560944345
1997.1183719042842	0.0017782794100389225
2005.5776715241796	0.0021134890398366475
2016.9509686240012	0.002511886431509582
2026.5484999255273	0.0029853826189179603
2033.4721665555455	0.0035481338923357567
2038.1913201570173	0.004216965034285822
2043.65191987626	0.0050118723362727255
2047.9839617822902	0.005956621435290103
2050.1992597483695	0.00707945784384138
2050.111019384	0.008413951416451957
2048.5      	0.01        
2047.6536634686502	0.01188502227437019
2044.4434550948927	0.014125375446227554
2039.1412259104166	0.016788040181225587
2032.3451803863943	0.01995262314968883
2025.5863076149597	0.023713737056616554
2017.5551541162658	0.02818382931264455
2008.004035464805	0.033496543915782793
1997.351316513199	0.03981071705534969
1986.143730169299	0.04731512589614813
1974.622693494744	0.056234132519034905
1962.0163088804586	0.06683439175686148
1949.2348342459575	0.07943282347242821
1936.995086020265	0.09440608762859228
1925.9517936729483	0.11220184543019629
1917.229225607863	0.1333521432163324
1910.0276701884723	0.1584893192461114
1904.3706724029648	0.18836490894898023
1900.287509180683	0.22387211385683378
1897.7347444397803	0.26607250597988086
1896.7975564289418	0.3162277660168379
1896.7040848989682	0.3758374042884443
1897.2914491638494	0.4466835921509634
1898.4249273803794	0.5308844442309879
1900.158473683909	0.630957344480193
1902.258304589955	0.7498942093324559
1904.49831244585	0.8912509381337458
1906.7530002366475	1.0592537251772898
1908.9001173396966	1.2589254117941662
1910.606269422901	1.4962356560944328
1912.0765866791317	1.7782794100389228
1913.3401366929627	2.1134890398366473
1914.419430030189	2.511886431509582
1915.382473123223	2.9853826189179573
1916.0794557262973	3.548133892335753
1916.67448087965	4.216965034285823
1917.1950117765937	5.011872336272725
1917.6373933878524	5.956621435290109
1917.8751145752665	7.079457843841373
1918.1068472662525	8.413951416451948
1918.3      	10.0        
