# T(K)	P(bar)
1133.6      	1e-08       
1145.7564701775711	1.1885022274370215e-08
1154.7655814944544	1.4125375446227554e-08
1161.5542845443629	1.6788040181225588e-08
1166.920063994366	1.9952623149688826e-08
1171.134419957731	2.3713737056616554e-08
1174.8010165710898	2.818382931264461e-08
1178.5258052855256	3.3496543915782795e-08
1182.4121068908405	3.981071705534969e-08
1186.5483495261901	4.731512589614813e-08
1191.0156902775482	5.6234132519034905e-08
1195.8804592268111	6.683439175686162e-08
1201.1174777314309	7.94328234724282e-08
1206.7331054237688	9.440608762859226e-08
1212.778569523245	1.1220184543019653e-07
1219.053932602648	1.333521432163324e-07
1225.5829681405264	1.584893192461114e-07
1232.461419352378	1.883649089489802e-07
1239.6734111055364	2.2387211385683422e-07
1247.0126097356317	2.6607250597988136e-07
1254.0383968151177	3.162277660168379e-07
1261.1429314515224	3.7583740428844433e-07
1268.3100326728033	4.466835921509635e-07
1275.4997095215172	5.308844442309889e-07
1282.4338947356355	6.309573444801942e-07
1289.2403858541443	7.498942093324558e-07
1296.1397067322346	8.912509381337459e-07
1303.3459638131417	1.0592537251772896e-06
1311.1596296049709	1.2589254117941687e-06
1318.992418714228	1.4962356560944327e-06
1327.0800889616019	1.7782794100389227e-06
1335.3896063895738	2.1134890398366474e-06
1343.8931561075499	2.511886431509582e-06
1352.640797535942	2.9853826189179636e-06
1361.1044588769662	3.5481338923357534e-06
1369.8986886114424	4.216965034285822e-06
1378.9702276808116	5.011872336272725e-06
1388.2957355141011	5.95662143529011e-06
1397.804583010654	7.079457843841388e-06
1407.2117888275998	8.413951416451948e-06
1416.903093721565	1e-05       
1426.899371835875	1.188502227437019e-05
1437.1904232423271	1.4125375446227555e-05
1447.263260509622	1.678804018122562e-05
1457.3330426759326	1.9952623149688786e-05
1467.541886906619	2.371373705661655e-05
1477.878809903254	2.818382931264455e-05
1488.3554121571137	3.349654391578279e-05
1498.5196908695875	3.981071705534977e-05
1508.6911321540654	4.731512589614803e-05
1519.0540915356823	5.623413251903491e-05
1529.7450446425214	6.683439175686148e-05
1540.7348270492737	7.943282347242821e-05
1551.5942019077274	9.440608762859246e-05
1562.8215003566468	0.00011220184543019629
1574.4103573177565	0.0001333521432163324
1586.3557276984445	0.00015848931924611142
1598.3059635795921	0.00018836490894898024
1610.283885090506	0.00022387211385683424
1622.6620355199677	0.0002660725059798809
1635.4828084370276	0.0003162277660168379
1648.764943904853	0.00037583740428844437
1661.9420247983194	0.0004466835921509635
1675.4546377332365	0.0005308844442309889
1689.4271150362983	0.000630957344480193
1703.8819393404174	0.0007498942093324559
1718.7784558033295	0.0008912509381337458
1733.988188164287	0.0010592537251772895
1750.2627876364786	0.0012589254117941673
1767.749021239385	0.0014962356560944345
1786.5466633277667	0.0017782794100389225
1806.31138206584	0.0021134890398366475
1826.7634550497276	0.002511886431509582
1848.7011532522513	0.0029853826189179603
1872.0415655076104	0.0035481338923357567
1896.5777115704504	0.004216965034285822
1921.384436009296	0.0050118723362727255
1947.356981619161	0.005956621435290103
1974.7271460335887	0.00707945784384138
2003.3961413959992	0.008413951416451957
2033.2      	0.01        
2062.283200804569	0.01188502227437019
2091.8053159989045	0.014125375446227554
2121.780401812256	0.016788040181225587
2152.0947924129664	0.01995262314968883
2181.913348757531	0.023713737056616554
2210.065319827163	0.02818382931264455
2237.9074511504054	0.033496543915782793
2265.1925389756684	0.03981071705534969
2291.654123722304	0.04731512589614813
2316.1069362560534	0.056234132519034905
2339.3358810994205	0.06683439175686148
2361.7699109257233	0.07943282347242821
2383.1436847458963	0.09440608762859228
2403.1942161379347	0.11220184543019629
2420.5621614002725	0.1333521432163324
2436.377697802917	0.1584893192461114
2450.7155068054967	0.18836490894898023
2463.5261319964084	0.22387211385683378
2474.614703839704	0.26607250597988086
2483.5162333727844	0.3162277660168379
2491.2429314515225	0.3758374042884443
2497.928249086527	0.4466835921509634
2503.682766394619	0.5308844442309879
2508.1742272719457	0.630957344480193
2511.5874568849326	0.7498942093324559
2514.2535430511657	0.8912509381337458
2516.2353334910986	1.0592537251772898
2517.6455078816803	1.2589254117941662
2518.421031555864	1.4962356560944328
2518.8392414842515	1.7782794100389228
2519.077162384709	2.1134890398366473
2519.2      	2.511886431509582
2519.2      	2.9853826189179573
2519.2      	3.548133892335753
2519.2      	4.216965034285823
2519.2      	5.011872336272725
2519.1875355373822	5.956621435290109
2519.108295141578	7.079457843841373
2519.1      	8.413951416451948
2519.1      	10.0        
