# T(K)	P(bar)
2790.1      	1e-08       
2770.865078832957	1.1885022274370215e-08
2750.0435213165824	1.4125375446227554e-08
2728.4855555496806	1.6788040181225588e-08
2706.7774050102594	1.9952623149688826e-08
2684.989979841164	2.3713737056616554e-08
2671.72202798901	2.818382931264461e-08
2662.8298407503303	3.3496543915782795e-08
2657.2263349612026	3.981071705534969e-08
2653.6797581274855	4.731512589614813e-08
2651.48527495138	5.6234132519034905e-08
2649.7610993162025	6.683439175686162e-08
2648.281201138633	7.94328234724282e-08
2646.99515365423	9.440608762859226e-08
2645.8801589418617	1.1220184543019653e-07
2645.1828963774838	1.333521432163324e-07
2644.770213263975	1.584893192461114e-07
2644.7087139784126	1.883649089489802e-07
2645.044138042933	2.2387211385683422e-07
2645.762103126312	2.6607250597988136e-07
2646.8212918177105	3.162277660168379e-07
2648.016339595872	3.7583740428844433e-07
2649.342006534561	4.466835921509635e-07
2650.7738075212023	5.308844442309889e-07
2652.1133660284754	6.309573444801942e-07
2653.229152294977	7.498942093324558e-07
2654.192463341529	8.912509381337459e-07
2655.380444654798	1.0592537251772896e-06
2657.240957093512	1.2589254117941687e-06
2657.9389284002777	1.4962356560944327e-06
2657.68132740256	1.7782794100389227e-06
2656.5512137682017	2.1134890398366474e-06
2654.4868524018857	2.511886431509582e-06
2651.3569623495255	2.9853826189179636e-06
2646.9967804001176	3.5481338923357534e-06
2641.427213055329	4.216965034285822e-06
2634.5498037234383	5.011872336272725e-06
2626.2918000232817	5.95662143529011e-06
2616.7037121309236	7.079457843841388e-06
2605.840280308633	8.413951416451948e-06
2593.6079162875344	1e-05       
2579.9868453934623	1.188502227437019e-05
2564.9918888260872	1.4125375446227555e-05
2549.062750821993	1.678804018122562e-05
2531.861018117225	1.9952623149688786e-05
2513.168232001937	2.371373705661655e-05
2492.8126805130914	2.818382931264455e-05
2470.5361942685745	3.349654391578279e-05
2446.7425418280113	3.981071705534977e-05
2420.313943184024	4.731512589614803e-05
2390.377834681894	5.623413251903491e-05
2355.901502977422	6.683439175686148e-05
2315.6056341526632	7.943282347242821e-05
2265.836904599509	9.440608762859246e-05
2201.380825323344	0.00011220184543019629
2112.6749982744814	0.0001333521432163324
1984.9474861194408	0.00015848931924611142
1779.9852167631802	0.00018836490894898024
1730.9754399162032	0.00022387211385683424
1721.8389236680011	0.0002660725059798809
1722.279487799145	0.0003162277660168379
1725.0528671742543	0.00037583740428844437
1728.6184302395452	0.0004466835921509635
1732.4884944251146	0.0005308844442309889
1736.6555073722022	0.000630957344480193
1741.1093248445409	0.0007498942093324559
1745.8345639376153	0.0008912509381337458
1750.599331647403	0.0010592537251772895
1755.6427288972318	0.0012589254117941673
1761.0184504655015	0.0014962356560944345
1766.742612345019	0.0017782794100389225
1772.5929690914886	0.0021134890398366475
1778.644617786249	0.002511886431509582
1785.112103897721	0.0029853826189179603
1792.0351607432792	0.0035481338923357567
1799.4534385077818	0.004216965034285822
1807.1762866821393	0.0050118723362727255
1815.1679235645804	0.005956621435290103
1823.3844547157614	0.00707945784384138
1831.7615972647998	0.008413951416451957
1840.3      	0.01        
1848.378666890158	0.01188502227437019
1856.6583389786388	0.014125375446227554
1864.9977941801965	0.016788040181225587
1873.2721974232256	0.01995262314968883
1881.303328598695	0.023713737056616554
1888.7425019324385	0.02818382931264455
1895.9608849103604	0.033496543915782793
1902.8427580030998	0.03981071705534969
1909.2584704624476	0.04731512589614813
1914.8230528018582	0.056234132519034905
1919.6254305251355	0.06683439175686148
1923.78726744025	0.07943282347242821
1927.3056653423928	0.09440608762859228
1930.2571094203836	0.11220184543019629
1932.2640719840315	0.1333521432163324
1933.8317874895	0.1584893192461114
1934.998617920846	0.18836490894898023
1935.8121073667257	0.22387211385683378
1936.3705246537982	0.26607250597988086
1936.6188482466523	0.3162277660168379
1936.751021224742	0.3758374042884443
1936.8301114741423	0.4466835921509634
1936.9102239718354	0.5308844442309879
1936.9890215310868	0.630957344480193
1937.0      	0.7498942093324559
1937.089538789369	0.8912509381337458
1937.22418519395	1.0592537251772898
1937.304550788168	1.2589254117941662
1937.3821031555865	1.4962356560944328
1937.5196207421257	1.7782794100389228
1937.7157435770634	2.1134890398366473
1937.9548575075473	2.511886431509582
1938.1956182808058	2.9853826189179573
1938.5019803227988	3.548133892335753
1938.9209836111286	4.216965034285823
1939.3950117765937	5.011872336272725
1939.89971570094	5.956621435290109
1940.5336388673768	7.079457843841373
1941.358439976259	8.413951416451948
1942.2      	10.0        
