# T(K)	P(bar)
2829.5      	1e-08       
2743.096734117643	1.1885022274370215e-08
2719.6090365893465	1.4125375446227554e-08
2720.086531364338	1.6788040181225588e-08
2716.6924166069625	1.9952623149688826e-08
2714.3069320993973	2.3713737056616554e-08
2712.0632025412424	2.818382931264461e-08
2710.037097357237	3.3496543915782795e-08
2708.2185442214186	3.981071705534969e-08
2706.5662817202588	4.731512589614813e-08
2705.2339169347665	5.6234132519034905e-08
2704.043642368716	6.683439175686162e-08
2702.9080479965214	7.94328234724282e-08
2701.8169283932134	9.440608762859226e-08
2700.7713406938005	1.1220184543019653e-07
2699.7641836563653	1.333521432163324e-07
2698.695746423913	1.584893192461114e-07
2697.556430107937	1.883649089489802e-07
2696.3117239141343	2.2387211385683422e-07
2694.8757937473765	2.6607250597988136e-07
2693.268062273434	3.162277660168379e-07
2691.42446938145	3.7583740428844433e-07
2689.26654430159	4.466835921509635e-07
2686.7114890702537	5.308844442309889e-07
2683.717181818703	6.309573444801942e-07
2680.379807072928	7.498942093324558e-07
2676.661530265776	8.912509381337459e-07
2672.497258750905	1.0592537251772896e-06
2667.790546404574	1.2589254117941687e-06
2662.516985420124	1.4962356560944327e-06
2656.5151703149704	1.7782794100389227e-06
2649.7505303033886	2.1134890398366474e-06
2642.10684389245	2.511886431509582e-06
2633.359202464058	2.9853826189179636e-06
2623.536629670439	3.5481338923357534e-06
2612.6428960643934	4.216965034285822e-06
2600.3421643670795	5.011872336272725e-06
2586.1450694624705	5.95662143529011e-06
2569.2668651560894	7.079457843841388e-06
2550.0558805460428	8.413951416451948e-06
2528.504822565969	1e-05       
2503.7986122664083	1.188502227437019e-05
2474.7283849392593	1.4125375446227555e-05
2439.9810005675836	1.678804018122562e-05
2401.393447963649	1.9952623149688786e-05
2358.918971924106	2.371373705661655e-05
2313.2423242852315	2.818382931264455e-05
2265.715951035734	3.349654391578279e-05
2220.9777242785585	3.981071705534977e-05
2178.182015640515	4.731512589614803e-05
2137.873265007097	5.623413251903491e-05
2100.368482790911	6.683439175686148e-05
2065.806413482719	7.943282347242821e-05
2034.692376134761	9.440608762859246e-05
2004.474295621983	0.00011220184543019629
1975.0857138631384	0.0001333521432163324
1946.351500805586	0.00015848931924611142
1918.598650371079	0.00018836490894898024
1890.7793636607605	0.00022387211385683424
1861.7521910840765	0.0002660725059798809
1831.046146410259	0.0003162277660168379
1798.1078834513003	0.00037583740428844437
1763.3048874444391	0.0004466835921509635
1725.5182309077045	0.0005308844442309889
1684.1206891101008	0.000630957344480193
1638.5395707251475	0.0007498942093324559
1588.1637166650844	0.0008912509381337458
1535.4364380360337	0.0010592537251772895
1485.5157010667879	0.0012589254117941673
1444.5327982980418	0.0014962356560944345
1417.3187223238745	0.0017782794100389225
1403.5624780821754	0.0021134890398366475
1398.043756787137	0.002511886431509582
1397.1665197864957	0.0029853826189179603
1400.2544280133968	0.0035481338923357567
1406.614931675313	0.004216965034285822
1415.195874091266	0.0050118723362727255
1425.5722047984736	0.005956621435290103
1437.6154236458704	0.00707945784384138
1451.0619274823996	0.008413951416451957
1465.4      	0.01        
1479.5569019789434	0.01188502227437019
1494.804917146789	0.014125375446227554
1511.131016814829	0.016788040181225587
1527.7911559058189	0.01995262314968883
1541.7859983502012	0.023713737056616554
1552.270940157103	0.02818382931264455
1560.8031562942692	0.033496543915782793
1567.388990594927	0.03981071705534969
1572.1224970276105	0.04731512589614813
1575.3358473926226	0.056234132519034905
1577.4301722100543	0.06683439175686148
1578.7651051455905	0.07943282347242821
1579.5959726508524	0.09440608762859228
1580.3285547101918	0.11220184543019629
1581.3320359920158	0.1333521432163324
1582.746430543889	0.1584893192461114
1584.687139784126	0.18836490894898023
1587.288659538457	0.22387211385683378
1590.7189371590453	0.26607250597988086
1594.6933696086385	0.3162277660168379
1599.0082098102941	0.3758374042884443
1603.6066884485356	0.4466835921509634
1608.40321433829	0.5308844442309879
1613.0522703341192	0.630957344480193
1617.1511370956307	0.7498942093324559
1620.9593921554863	0.8912509381337458
1624.3706669821968	1.0592537251772898
1627.1864649751924	1.2589254117941662
1628.6599599561418	1.4962356560944328
1629.41867259744	1.7782794100389228
1629.8543247694179	2.1134890398366473
1630.136571671698	2.511886431509582
1630.2970788538705	2.9853826189179573
1630.3754950806997	3.548133892335753
1630.4534972685215	4.216965034285823
1630.5      	5.011872336272725
1630.5      	5.956621435290109
1630.5      	7.079457843841373
1630.5689490887507	8.413951416451948
1630.6      	10.0        
