# T(K)	P(bar)
975.1       	1e-08       
976.7157333780317	1.1885022274370215e-08
978.5140199578256	1.4125375446227554e-08
980.5417138177452	1.6788040181225588e-08
982.8347556192398	1.9952623149688826e-08
985.3792724273093	2.3713737056616554e-08
988.1284382246646	2.818382931264461e-08
991.1866253480531	3.3496543915782795e-08
994.5182882979801	3.981071705534969e-08
998.0775574957391	4.731512589614813e-08
1001.8395286547775	5.6234132519034905e-08
1005.8153731217841	6.683439175686162e-08
1009.9832434419894	7.94328234724282e-08
1014.3411601220645	9.440608762859226e-08
1018.9300691589069	1.1220184543019653e-07
1023.5010126364967	1.333521432163324e-07
1028.3765877763963	1.584893192461114e-07
1033.5641835106856	1.883649089489802e-07
1039.069119681567	2.2387211385683422e-07
1044.8926142467512	2.6607250597988136e-07
1051.10890265961	3.162277660168379e-07
1057.8408890020385	3.7583740428844433e-07
1065.1208129917993	4.466835921509635e-07
1072.9939649863904	5.308844442309889e-07
1081.425303826284	6.309573444801942e-07
1090.3650584651689	7.498942093324558e-07
1100.0752519142982	8.912509381337459e-07
1110.7794087045872	1.0592537251772896e-06
1122.7326768950527	1.2589254117941687e-06
1135.218608049413	1.4962356560944327e-06
1148.5668149360029	1.7782794100389227e-06
1162.891845354995	2.1134890398366474e-06
1178.2120246773636	2.511886431509582e-06
1194.5035036678553	2.9853826189179636e-06
1211.5599079153321	3.5481338923357534e-06
1229.6253553710562	4.216965034285822e-06
1248.595482840342	5.011872336272725e-06
1268.378437967465	5.95662143529011e-06
1288.5847388976397	7.079457843841388e-06
1309.0404576077178	8.413951416451948e-06
1330.2395814376705	1e-05       
1352.0033379286374	1.188502227437019e-05
1374.1257991054981	1.4125375446227555e-05
1395.9112378463915	1.678804018122562e-05
1418.1178176205276	1.9952623149688786e-05
1441.0219741342512	2.371373705661655e-05
1464.6642939276096	2.818382931264455e-05
1489.1720472852116	3.349654391578279e-05
1513.504714505982	3.981071705534977e-05
1538.5717447532086	4.731512589614803e-05
1564.3127527461613	5.623413251903491e-05
1590.6940582936936	6.683439175686148e-05
1617.5314254754003	7.943282347242821e-05
1643.955398967025	9.440608762859246e-05
1670.682976700804	0.00011220184543019629
1697.7803575478256	0.0001333521432163324
1725.2968717544563	0.00015848931924611142
1751.7131826496247	0.00018836490894898024
1776.4581141199992	0.00022387211385683424
1800.4232784339401	0.0002660725059798809
1823.2983457227233	0.0003162277660168379
1844.517811079107	0.00037583740428844437
1861.2604550378646	0.0004466835921509635
1875.3616480837154	0.0005308844442309889
1887.1837262480344	0.000630957344480193
1896.9278272762483	0.0007498942093324559
1905.0167958932059	0.0008912509381337458
1911.5313525545462	0.0010592537251772895
1917.4035416924767	0.0012589254117941673
1922.8934673406843	0.0014962356560944345
1928.2742924251525	0.0017782794100389225
1933.6502959219085	0.0021134890398366475
1939.1710440583536	0.002511886431509582
1945.0439058838178	0.0029853826189179603
1951.2813389233577	0.0035481338923357567
1957.8919453402505	0.004216965034285822
1964.7566992730128	0.0050118723362727255
1972.078083290382	0.005956621435290103
1979.9047508164135	0.00707945784384138
1988.2199443571997	0.008413951416451957
1997.0      	0.01        
2006.078882790844	0.01188502227437019
2015.5343522838557	0.014125375446227554
2025.2368142708092	0.016788040181225587
2035.0846780245543	0.01995262314968883
2044.9446806558235	0.023713737056616554
2054.438830600937	0.02818382931264455
2063.866058937032	0.033496543915782793
2073.1841625969937	0.03981071705534969
2082.3652359277353	0.04731512589614813
2090.986419833865	0.056234132519034905
2099.0669890681493	0.06683439175686148
2106.7745348805	0.07943282347242821
2114.029078074621	0.09440608762859228
2120.7603456803076	0.11220184543019629
2126.3952790320886	0.1333521432163324
2131.4539346860556	0.1584893192461114
2135.91189964021	0.18836490894898023
2139.7406135241463	0.22387211385683378
2142.9315694502743	0.26607250597988086
2145.361431882073	0.3162277660168379
2147.322466944324	0.3758374042884443
2148.851672112134	0.4466835921509634
2149.992015746519	0.5308844442309879
2150.701193779781	0.630957344480193
2151.1318401053495	0.7498942093324559
2151.389538789369	0.8912509381337458
2151.52418519395	1.0592537251772898
2151.6      	1.2589254117941662
2151.6      	1.4962356560944328
2151.6      	1.7782794100389228
2151.6      	2.1134890398366473
2151.581714164151	2.511886431509582
2151.501460573065	2.9853826189179573
2151.5      	3.548133892335753
2151.4465027314786	4.216965034285823
2151.3674980372343	5.011872336272725
2151.3      	5.956621435290109
2151.3      	7.079457843841373
2151.231050911249	8.413951416451948
2151.1      	10.0        
