# T(K)	P(bar)
2224.4      	1e-08       
2200.9333961762077	1.1885022274370215e-08
2185.5231227688623	1.4125375446227554e-08
2175.1358384561518	1.6788040181225588e-08
2167.077249820888	1.9952623149688826e-08
2159.9207962981927	2.3713737056616554e-08
2152.908670043209	2.818382931264461e-08
2145.499935152167	3.3496543915782795e-08
2137.620409477501	3.981071705534969e-08
2129.219032509942	4.731512589614813e-08
2120.441099805519	5.6234132519034905e-08
2111.057867423472	6.683439175686162e-08
2101.314714254654	7.94328234724282e-08
2091.2692839321335	9.440608762859226e-08
2080.7693156976943	1.1220184543019653e-07
2069.148272958059	1.333521432163324e-07
2056.161723666929	1.584893192461114e-07
2041.3349734823353	1.883649089489802e-07
2023.9719507406348	2.2387211385683422e-07
2002.9116416281877	2.6607250597988136e-07
1983.1978990345606	3.162277660168379e-07
1951.4016423259013	3.7583740428844433e-07
1935.6300980184103	4.466835921509635e-07
1863.1385876786483	5.308844442309889e-07
1159.0035982086492	6.309573444801942e-07
1170.9381789337622	7.498942093324558e-07
1210.9411730710622	8.912509381337459e-07
1191.5483703879	1.0592537251772896e-06
1191.5998826603034	1.2589254117941687e-06
1189.893730577099	1.4962356560944327e-06
1189.559810371063	1.7782794100389227e-06
1190.024393115899	2.1134890398366474e-06
1191.1205742245288	2.511886431509582e-06
1192.9664068195107	2.9853826189179636e-06
1195.6423278244893	3.5481338923357534e-06
1199.014371620507	4.216965034285822e-06
1203.085113840406	5.011872336272725e-06
1207.8226545327557	5.95662143529011e-06
1213.0525206558596	7.079457843841388e-06
1218.7022325675605	8.413951416451948e-06
1224.636305732484	1e-05       
1230.8511649898896	1.188502227437019e-05
1237.3798104833756	1.4125375446227555e-05
1243.938867308591	1.678804018122562e-05
1250.705444272939	1.9952623149688786e-05
1257.7804122723767	2.371373705661655e-05
1265.1575918523781	2.818382931264455e-05
1272.817736482662	3.349654391578279e-05
1280.5179476284754	3.981071705534977e-05
1288.6450769871608	4.731512589614803e-05
1297.3242144857402	5.623413251903491e-05
1306.6523955095302	6.683439175686148e-05
1316.6069085591246	7.943282347242821e-05
1326.8930713165637	9.440608762859246e-05
1337.8218934551758	0.00011220184543019629
1349.483928753371	0.0001333521432163324
1362.016274399576	0.00015848931924611142
1375.3816697929649	0.00018836490894898024
1389.7307767549362	0.00022387211385683424
1406.220900615954	0.0002660725059798809
1424.7627495996715	0.0003162277660168379
1444.6474158572794	0.00037583740428844437
1464.4130371974788	0.0004466835921509635
1485.4144307236572	0.0005308844442309889
1509.1330442332135	0.000630957344480193
1535.394054646863	0.0007498942093324559
1561.5830916542407	0.0008912509381337458
1588.0930551347428	0.0010592537251772895
1619.1169250367618	0.0012589254117941673
1652.2732618561492	0.0014962356560944345
1685.8834071363349	0.0017782794100389225
1722.5667251141992	0.0021134890398366475
1759.6089338350887	0.002511886431509582
1799.1328709037048	0.0029853826189179603
1839.9926197240513	0.0035481338923357567
1880.3168799472924	0.004216965034285822
1918.2290437123204	0.0050118723362727255
1952.16153453252	0.005956621435290103
1982.3887745871755	0.00707945784384138
2009.0152602091994	0.008413951416451957
2033.1      	0.01        
2051.7194036896976	0.01188502227437019
2068.414418809941	0.014125375446227554
2083.6202419062993	0.016788040181225587
2097.8503975665153	0.01995262314968883
2111.606691560141	0.023713737056616554
2124.388675196379	0.02818382931264455
2136.422778686922	0.033496543915782793
2147.6548648939406	0.03981071705534969
2158.1360279581863	0.04731512589614813
2167.4625814566357	0.056234132519034905
2175.475717541892	0.06683439175686148
2182.4403005910585	0.07943282347242821
2188.262934861048	0.09440608762859228
2192.890057162913	0.11220184543019629
2196.05488274405	0.1333521432163324
2198.2757166526667	0.1584893192461114
2199.698617920846	0.18836490894898023
2200.464061352415	0.22387211385683378
2200.7831569450277	0.26607250597988086
2200.872949415551	0.3162277660168379
2200.951021224742	0.3758374042884443
2201.1505573707113	0.4466835921509634
2201.602239718354	0.5308844442309879
2202.3902153108675	0.630957344480193
2203.4955203160475	0.7498942093324559
2204.940157288374	0.8912509381337458
2206.7046298487476	1.0592537251772898
2208.7228712805368	1.2589254117941662
2210.8167852008332	1.4962356560944328
2213.0345007608234	1.7782794100389228
2215.2031110012163	2.1134890398366473
2217.220574224529	2.511886431509582
2219.0664068195106	2.9853826189179573
2220.4589114525947	3.548133892335753
2221.5954644907783	4.216965034285823
2222.4925176648903	5.011872336272725
2223.1498578504697	5.956621435290109
2223.4668194336887	7.079457843841373
2223.6378981775015	8.413951416451948
2223.7      	10.0        
