# T(K)	P(bar)
841.4       	1e-08       
841.4       	1.1885022274370215e-08
841.4       	1.4125375446227554e-08
841.4       	1.6788040181225588e-08
841.4       	1.9952623149688826e-08
841.4       	2.3713737056616554e-08
841.4       	2.818382931264461e-08
841.4       	3.3496543915782795e-08
841.4276883704086	3.981071705534969e-08
841.5       	4.731512589614813e-08
841.5       	5.6234132519034905e-08
841.5       	6.683439175686162e-08
841.5422822859628	7.94328234724282e-08
841.6       	9.440608762859226e-08
841.6022045620153	1.1220184543019653e-07
841.6796781802797	1.333521432163324e-07
841.7       	1.584893192461114e-07
841.7362379928043	1.883649089489802e-07
841.8160153381036	2.2387211385683422e-07
841.8957892362569	2.6607250597988136e-07
842.0458988311015	3.162277660168379e-07
842.1510212247421	3.7583740428844433e-07
842.2602229482845	4.466835921509635e-07
842.4306719155063	5.308844442309889e-07
842.6670645932603	6.309573444801942e-07
842.8991040632095	7.498942093324558e-07
843.179077578738	8.912509381337459e-07
843.4967407757996	1.0592537251772896e-06
843.8273047290081	1.2589254117941687e-06
844.2926189335185	1.4962356560944327e-06
844.7588622263772	1.7782794100389227e-06
845.3086495388358	2.1134890398366474e-06
845.9645725226417	2.511886431509582e-06
846.6868548424172	2.9853826189179636e-06
847.454950806997	3.5481338923357534e-06
848.3419672222572	4.216965034285822e-06
849.3550274787186	5.011872336272725e-06
850.4994314018801	5.95662143529011e-06
851.7672777347539	7.079457843841388e-06
853.072134508764	8.413951416451948e-06
854.4500454959053	1e-05       
855.9577094418232	1.188502227437019e-05
857.658757632353	1.4125375446227555e-05
859.4546898583046	1.678804018122562e-05
861.3640466684485	1.9952623149688786e-05
863.409468819067	2.371373705661655e-05
865.638793130776	2.818382931264455e-05
868.1400304041051	3.349654391578279e-05
870.7581021936816	3.981071705534977e-05
873.6312540142652	4.731512589614803e-05
876.73471994709	5.623413251903491e-05
880.0668623834308	6.683439175686148e-05
883.6504870812848	7.943282347242821e-05
887.2647339692425	9.440608762859246e-05
891.0901725367747	0.00011220184543019629
895.1042857753245	0.0001333521432163324
899.2727208422208	0.00015848931924611142
903.439579406042	0.00018836490894898024
907.6130954508859	0.00022387211385683424
911.893199709989	0.0002660725059798809
916.306788369155	0.0003162277660168379
920.8960687669784	0.00037583740428844437
925.4692909594168	0.0004466835921509635
930.1744737241568	0.0005308844442309889
935.0171174013917	0.000630957344480193
940.0119680490706	0.0007498942093324559
945.2177399312711	0.0008912509381337458
950.7411593324681	0.0010592537251772895
956.9294924010642	0.0012589254117941673
963.7746118707905	0.0014962356560944345
971.2272786777957	0.0017782794100389225
979.0541072980727	0.0021134890398366475
985.750538124445	0.002511886431509582
992.2740296425073	0.0029853826189179603
998.6544280133968	0.0035481338923357567
1004.7969104449747	0.004216965034285822
1010.3355187316353	0.0050118723362727255
1015.7861023992368	0.005956621435290103
1021.3693403765221	0.00707945784384138
1027.1586773099998	0.008413951416451957
1033.2      	0.01        
1038.66271761144	0.01188502227437019
1044.515814031357	0.014125375446227554
1050.7915088168875	0.016788040181225587
1057.427647387403	0.01995262314968883
1064.0274878583334	0.023713737056616554
1070.7103923762725	0.02818382931264455
1077.951610571051	0.033496543915782793
1085.6411486704553	0.03981071705534969
1093.649504365413	0.04731512589614813
1102.1139394732493	0.056234132519034905
1112.015947155298	0.06683439175686148
1122.7195200347871	0.07943282347242821
1133.913787674653	0.09440608762859228
1145.4426565223014	0.11220184543019629
1157.4844319041893	0.1333521432163324
1171.0178748950002	0.1584893192461114
1186.2012645104692	0.18836490894898023
1203.21165046867	0.22387211385683378
1222.1978382291336	0.26607250597988086
1245.0848246652229	0.3162277660168379
1271.822747030832	0.3758374042884443
1302.316707665607	0.4466835921509634
1336.548402368345	0.5308844442309879
1374.6864210459948	0.630957344480193
1414.7768430405858	0.7498942093324559
1456.2173179721447	0.8912509381337458
1498.0070044963059	1.0592537251772898
1539.1389877786698	1.2589254117941662
1577.2947525485165	1.4962356560944328
1614.151064028488	1.7782794100389228
1650.361536559512	2.1134890398366473
1685.9360527585015	2.511886431509582
1720.7661112898973	2.9853826189179573
1753.5609043780696	3.548133892335753
1786.9503281956913	4.216965034285823
1822.0459146487776	5.011872336272725
1859.9815205611048	5.956621435290109
1901.1865263794998	7.079457843841373
1981.8266412471562	8.413951416451948
2080.3      	10.0        
