# T(K)	P(bar)
2330.3      	1e-08       
2302.909472258131	1.1885022274370215e-08
2278.8770096745175	1.4125375446227554e-08
2256.7864534587247	1.6788040181225588e-08
2235.481196706778	1.9952623149688826e-08
2214.8865137914654	2.3713737056616554e-08
2196.5246827494216	2.818382931264461e-08
2180.4875045185886	3.3496543915782795e-08
2163.064191174355	3.981071705534969e-08
2142.7887787478694	4.731512589614813e-08
2144.6697643273887	5.6234132519034905e-08
1916.621797649412	6.683439175686162e-08
1647.1838917509465	7.94328234724282e-08
1370.5680062758506	9.440608762859226e-08
1063.5965384766187	1.1220184543019653e-07
1137.2739494459051	1.333521432163324e-07
1155.9680864759318	1.584893192461114e-07
1158.797657345182	1.883649089489802e-07
1165.1445214955243	2.2387211385683422e-07
1167.8568340327333	2.6607250597988136e-07
1175.4408403861758	3.162277660168379e-07
1177.026511830934	3.7583740428844433e-07
1177.285127810544	4.466835921509635e-07
1181.3588136341757	5.308844442309889e-07
1187.9778086112885	6.309573444801942e-07
1190.2273604213965	7.498942093324558e-07
1193.9443188385449	8.912509381337459e-07
1199.3445931885942	1.0592537251772896e-06
1204.8367583244342	1.2589254117941687e-06
1210.575633513395	1.4962356560944327e-06
1216.4455882007785	1.7782794100389227e-06
1222.5093330036486	2.1134890398366474e-06
1228.7445810320773	2.511886431509582e-06
1235.0846147278846	2.9853826189179636e-06
1241.1641113752758	3.5481338923357534e-06
1247.3262842131926	4.216965034285822e-06
1253.5351530957182	5.011872336272725e-06
1259.7099057710782	5.95662143529011e-06
1265.4944546648144	7.079457843841388e-06
1270.7885380350558	8.413951416451948e-06
1275.7334849863514	1e-05       
1280.201322030921	1.188502227437019e-05
1284.0553927129156	1.4125375446227555e-05
1286.9445010764032	1.678804018122562e-05
1288.8763610682347	1.9952623149688786e-05
1289.8643657509729	2.371373705661655e-05
1289.8115127796495	2.818382931264455e-05
1288.6587922310684	3.349654391578279e-05
1285.9637183300338	3.981071705534977e-05
1282.0031189786023	4.731512589614803e-05
1276.7355396141436	5.623413251903491e-05
1270.132902756452	6.683439175686148e-05
1262.2489284211733	7.943282347242821e-05
1253.4671402880238	9.440608762859246e-05
1243.8749617565923	0.00011220184543019629
1234.4046427315438	0.0001333521432163324
1226.2291672848653	0.00015848931924611142
1221.1974890191193	0.00018836490894898024
1218.9036815672152	0.00022387211385683424
1219.405381659994	0.0002660725059798809
1223.0028672743836	0.0003162277660168379
1229.782167935636	0.00037583740428844437
1238.6960755988632	0.0004466835921509635
1248.8693184669723	0.0005308844442309889
1260.5170306713558	0.000630957344480193
1273.4055809238089	0.0007498942093324559
1286.5401438265917	0.0008912509381337458
1298.1274152759752	0.0010592537251772895
1310.4503345659325	0.0012589254117941673
1324.167944210011	0.0014962356560944345
1339.5887173155243	0.0017782794100389225
1355.4795511809355	0.0021134890398366475
1371.2689448883677	0.002511886431509582
1387.058925595841	0.0029853826189179603
1402.876436398433	0.0035481338923357567
1419.0186827747114	0.004216965034285822
1436.0245504717814	0.0050118723362727255
1454.4176682945042	0.005956621435290103
1473.4043198714141	0.00707945784384138
1492.3732770839995	0.008413951416451957
1510.9      	0.01        
1531.0581973830608	0.01188502227437019
1552.9229903254825	0.014125375446227554
1575.4844034501477	0.016788040181225587
1598.0584561207531	0.01995262314968883
1620.64104279237	0.023713737056616554
1645.0047720463324	0.02818382931264455
1669.9569142933885	0.033496543915782793
1694.789576233818	0.03981071705534969
1719.2563788774003	0.04731512589614813
1744.7280586000559	0.056234132519034905
1770.7499252915961	0.06683439175686148
1796.9531543677128	0.07943282347242821
1823.46873547137	0.09440608762859228
1851.0973353692016	0.11220184543019629
1879.1176203924404	0.1333521432163324
1908.0955726979169	0.1584893192461114
1937.8704372655955	0.18836490894898023
1968.3940278747366	0.22387211385683378
1999.7451698489474	0.26607250597988086
2032.5494004401671	0.3162277660168379
2064.610532346286	0.3758374042884443
2096.465035553473	0.4466835921509634
2128.830484621511	0.5308844442309879
2160.6646985590532	0.630957344480193
2190.7844241540206	0.7498942093324559
2221.036216953526	0.8912509381337458
2251.1517809856687	1.0592537251772898
2280.542834528658	1.2589254117941662
2308.539239166696	1.4962356560944328
2335.8140091298806	1.7782794100389228
2361.7215884375314	2.1134890398366473
2385.911463216988	2.511886431509582
2408.7837366765452	2.9853826189179573
2428.82872098192	3.548133892335753
2446.434426389499	4.216965034285823
2461.5628238563268	5.011872336272725
2474.2829867524238	5.956621435290109
2484.3465170196087	7.079457843841373
2491.881214342577	8.413951416451948
2500.0      	10.0        
