# T(K)	P(bar)
3305.8      	1e-08       
3253.0963160023025	1.1885022274370215e-08
3213.757142422293	1.4125375446227554e-08
3187.506207457696	1.6788040181225588e-08
3172.6191136719644	1.9952623149688826e-08
3163.9518532944776	2.3713737056616554e-08
3157.019373228598	2.818382931264461e-08
3150.4267493038938	3.3496543915782795e-08
3144.0956838489433	3.981071705534969e-08
3138.0729926621975	4.731512589614813e-08
3132.821907919373	5.6234132519034905e-08
3128.4571125273783	6.683439175686162e-08
3124.724143989564	7.94328234724282e-08
3121.603208352525	9.440608762859226e-08
3119.047090511631	1.1220184543019653e-07
3117.1877236732894	1.333521432163324e-07
3115.551066319876	1.584893192461114e-07
3114.0477161295244	1.883649089489802e-07
3112.6117239141345	2.2387211385683422e-07
3111.1757937473762	2.6607250597988136e-07
3109.641011688985	3.162277660168379e-07
3107.8754906061918	3.7583740428844433e-07
3105.8568787240165	4.466835921509635e-07
3103.5932808449375	5.308844442309889e-07
3101.2293540673973	6.309573444801942e-07
3098.842591346836	7.498942093324558e-07
3096.50168755415	8.912509381337459e-07
3094.2711849573025	1.0592537251772896e-06
3092.2044334484717	1.2589254117941687e-06
3090.575833732685	1.4962356560944327e-06
3089.3028444340566	1.7782794100389227e-06
3088.237025691746	2.1134890398366474e-06
3087.353713313207	2.511886431509582e-06
3086.711684584518	2.9853826189179636e-06
3086.171534435102	3.5481338923357534e-06
3085.8930054629573	4.216965034285822e-06
3085.962509813828	5.011872336272725e-06
3086.4745024766453	5.95662143529011e-06
3087.5838680179095	7.079457843841388e-06
3089.42372721877	8.413951416451948e-06
3091.758416742493	1e-05       
3094.45607332884	1.188502227437019e-05
3097.3415877014063	1.4125375446227555e-05
3100.074528045246	1.678804018122562e-05
3102.476856002138	1.9952623149688786e-05
3104.4218287548642	2.371373705661655e-05
3105.7648498402	2.818382931264455e-05
3106.3917584462138	3.349654391578279e-05
3105.8527436660065	3.981071705534977e-05
3104.5222017289584	4.731512589614803e-05
3102.4102322389986	5.623413251903491e-05
3099.473860960264	6.683439175686148e-05
3095.5716918448234	7.943282347242821e-05
3091.076185017334	9.440608762859246e-05
3086.41179295587	0.00011220184543019629
3081.317142772628	0.0001333521432163324
3075.4151050166897	0.00015848931924611142
3068.496547401289	0.00018836490894898024
3061.089439653038	0.00022387211385683424
3052.5654988040237	0.0002660725059798809
3042.25474823341	0.0003162277660168379
3029.335360111938	0.00037583740428844437
3013.8329120019775	0.0004466835921509635
2996.874063701457	0.0005308844442309889
2977.4719545842395	0.000630957344480193
2955.2651965689906	0.0007498942093324559
2930.7580243235548	0.0008912509381337458
2906.384062383439	0.0010592537251772895
2881.2471683090857	0.0012589254117941673
2855.795087358254	0.0014962356560944345
2830.6295506199244	0.0017782794100389225
2807.2281236340455	0.0021134890398366475
2785.3893974944817	0.002511886431509582
2763.873317030769	0.0029853826189179603
2742.573721772076	0.0035481338923357567
2721.3073931153767	0.004216965034285822
2700.4791056148365	0.0050118723362727255
2679.139280505877	0.005956621435290103
2657.082046292607	0.00707945784384138
2634.4375771912005	0.008413951416451957
2611.4      	0.01        
2589.0105517615625	0.01188502227437019
2566.2580063482133	0.014125375446227554
2543.280168095416	0.016788040181225587
2520.1328549744367	0.01995262314968883
2496.914139100803	0.023713737056616554
2474.040384646518	0.02818382931264455
2450.760625519029	0.033496543915782793
2427.1488656182255	0.03981071705534969
2403.193070964663	0.04731512589614813
2379.2105048257936	0.056234132519034905
2355.4903043218096	0.06683439175686148
2331.757596497133	0.07943282347242821
2308.076451999842	0.09440608762859228
2284.3630103111063	0.11220184543019629
2261.9776586396483	0.1333521432163324
2240.408544603111	0.1584893192461114
2219.99416774858	0.18836490894898023
2201.008656293403	0.22387211385683378
2183.6179464960037	0.26607250597988086
2169.1314087075616	0.3162277660168379
2156.6509011876674	0.3758374042884443
2146.03718047364	0.4466835921509634
2137.059394591141	0.5308844442309879
2129.8100191400176	0.630957344480193
2123.8223984197634	0.7498942093324559
2118.7033751083	0.8912509381337458
2114.387481078304	1.0592537251772898
2110.717968473279	1.2589254117941662
2107.6158737765436	1.4962356560944328
2104.986068125988	1.7782794100389228
2102.812632575847	2.1134890398366473
2101.107426626415	2.511886431509582
2099.823369169036	2.9853826189179573
2099.0450491930033	3.548133892335753
2098.5860109259143	4.216965034285823
2098.3349960744686	5.011872336272725
2098.2      	5.956621435290109
2098.2      	7.079457843841373
2098.2      	8.413951416451948
2098.3      	10.0        
