# T(K)	P(bar)
3242.5      	1e-08       
3237.9605586045777	1.1885022274370215e-08
3237.0380066526086	1.4125375446227554e-08
3237.332734727304	1.6788040181225588e-08
3237.1864138868987	1.9952623149688826e-08
3237.1068977366463	2.3713737056616554e-08
3237.0297656048706	2.818382931264461e-08
3236.9515457232183	3.3496543915782795e-08
3236.8446232591828	3.981071705534969e-08
3236.6842684376775	4.731512589614813e-08
3236.527519639384	5.6234132519034905e-08
3236.372485649162	6.683439175686162e-08
3236.173153142112	7.94328234724282e-08
3235.934675783049	9.440608762859226e-08
3235.6911817519385	1.1220184543019653e-07
3235.3812872788817	1.333521432163324e-07
3235.012766579969	1.584893192461114e-07
3234.582572043175	1.883649089489802e-07
3234.0718772951705	2.2387211385683422e-07
3233.433686109945	2.6607250597988136e-07
3232.7434552600434	3.162277660168379e-07
3231.938766527838	3.7583740428844433e-07
3230.948327887866	4.466835921509635e-07
3229.7261924787977	5.308844442309889e-07
3228.3866339715246	6.309573444801942e-07
3226.7399035364638	7.498942093324558e-07
3224.880765132888	8.912509381337459e-07
3224.346481788247	1.0592537251772896e-06
3227.0455078816804	1.2589254117941687e-06
3227.821031555864	1.4962356560944327e-06
3227.16265480512	1.7782794100389227e-06
3224.902427536403	2.1134890398366474e-06
3220.7554189679227	2.511886431509582e-06
3214.4153852721156	2.9853826189179636e-06
3205.693560800235	3.5481338923357534e-06
3194.1264479624865	4.216965034285822e-06
3178.4720151968927	5.011872336272725e-06
3158.3099504670977	5.95662143529011e-06
3136.122639641808	7.079457843841388e-06
3114.9768987710268	8.413951416451948e-06
3092.2381255686987	1e-05       
3071.5461909482688	1.188502227437019e-05
3057.771871976343	1.4125375446227555e-05
3050.66622708236	1.678804018122562e-05
3045.733973595937	1.9952623149688786e-05
3042.7781712451356	2.371373705661655e-05
3041.5175750799	2.818382931264455e-05
3041.2      	3.349654391578279e-05
3041.2      	3.981071705534977e-05
3041.368256895863	4.731512589614803e-05
3041.185061475029	5.623413251903491e-05
3040.1406059136366	6.683439175686148e-05
3037.671886677337	7.943282347242821e-05
3033.49095527069	9.440608762859246e-05
3027.766313588954	0.00011220184543019629
3020.157499860315	0.0001333521432163324
3010.362110823903	0.00015848931924611142
2998.5691148885603	0.00018836490894898024
2986.6161149094937	0.00022387211385683424
2973.193659152037	0.0002660725059798809
2957.641624858599	0.0003162277660168379
2939.4492609432805	0.00037583740428844437
2919.606127362531	0.0004466835921509635
2895.47987899142	0.0005308844442309889
2868.968989985782	0.000630957344480193
2841.5519805463427	0.0007498942093324559
2814.6421443552754	0.0008912509381337458
2788.3294931707765	0.0010592537251772895
2761.190941773813	0.0012589254117941673
2733.1202729852675	0.0014962356560944345
2704.143871541461	0.0017782794100389225
2675.287382183874	0.0021134890398366475
2646.6329390318406	0.002511886431509582
2616.8804705809107	0.0029853826189179603
2586.0486559311025	0.0035481338923357567
2554.2471139531713	0.004216965034285822
2522.8096612838167	0.0050118723362727255
2491.3406060844263	0.005956621435290103
2459.8186279291285	0.00707945784384138
2428.745511511601	0.008413951416451957
2398.7      	0.01        
2372.232748474149	0.01188502227437019
2348.093753853485	0.014125375446227554
2326.695432549166	0.016788040181225587
2308.5088440941813	0.01995262314968883
2294.514001649799	0.023713737056616554
2284.731403794193	0.02818382931264455
2277.02984075033	0.033496543915782793
2271.149451257116	0.03981071705534969
2266.824697659357	0.04731512589614813
2264.0815936892245	0.056234132519034905
2261.942313439108	0.06683439175686148
2260.196636566707	0.07943282347242821
2258.8387031321968	0.09440608762859228
2257.8780348383143	0.11220184543019629
2257.106126159988	0.1333521432163324
2256.269463200861	0.1584893192461114
2255.437620071958	0.18836490894898023
2254.719923309482	0.22387211385683378
2254.321053818716	0.26607250597988086
2254.1541011688987	0.3162277660168379
2254.304084898968	0.3758374042884443
2254.9215606379917	0.4466835921509634
2256.135151352215	0.5308844442309879
2257.9474952149953	0.630957344480193
2260.124672611025	0.7498942093324559
2262.577390024588	0.8912509381337458
2265.198111400347	1.0592537251772898
2267.8319728568727	1.2589254117941662
2270.0809915120058	1.4962356560944328
2271.9756385344463	1.7782794100389228
2273.5944614623804	2.1134890398366473
2274.956001701887	2.511886431509582
2276.079551977093	2.9853826189179573
2276.7794557262973	3.548133892335753
2277.37448087965	4.216965034285823
2277.8300078510624	5.011872336272725
2278.1373933878526	5.956621435290109
2278.3751145752663	7.079457843841373
2278.468949088751	8.413951416451948
2278.6      	10.0        
