# T(K)	P(bar)
2884.7      	1e-08       
2881.160774505264	1.1885022274370215e-08
2876.869700937012	1.4125375446227554e-08
2871.8120828192887	1.6788040181225588e-08
2865.9723526125968	1.9952623149688826e-08
2859.3725121416664	2.3713737056616554e-08
2852.4789044383388	2.818382931264461e-08
2845.632932196767	3.3496543915782795e-08
2839.317190812212	3.981071705534969e-08
2834.1168318781956	4.731512589614813e-08
2831.2953535089173	5.6234132519034905e-08
2830.736242824581	6.683439175686162e-08
2831.757057149069	7.94328234724282e-08
2834.04921482036	9.440608762859226e-08
2837.194796166661	1.1220184543019653e-07
2840.526161752023	1.333521432163324e-07
2843.9276540962724	1.584893192461114e-07
2847.285757704972	1.883649089489802e-07
2850.492567509835	2.2387211385683422e-07
2853.444201741504	2.6607250597988136e-07
2856.1532295442757	3.162277660168379e-07
2858.7326791917444	3.7583740428844433e-07
2861.23345569841	4.466835921509635e-07
2863.727167098734	5.308844442309889e-07
2866.2486889947763	6.309573444801942e-07
2868.922880737444	7.498942093324558e-07
2872.2937003395396	8.912509381337459e-07
2878.8454458380365	1.0592537251772896e-06
2891.578067437036	1.2589254117941687e-06
2903.133370182376	1.4962356560944327e-06
2916.446246049192	1.7782794100389227e-06
2931.1233325091216	2.1134890398366474e-06
2946.226877930193	2.511886431509582e-06
2959.950242005927	2.9853826189179636e-06
2968.277973634867	3.5481338923357534e-06
2975.126284213193	4.216965034285822e-06
2981.790180574437	5.011872336272725e-06
2988.6232231308754	5.95662143529011e-06
2992.585242921106	7.079457843841388e-06
2994.1031854200132	8.413951416451948e-06
2994.316651501365	1e-05       
2992.6721203766115	1.188502227437019e-05
2988.261431884271	1.4125375446227555e-05
2979.9064428331044	1.678804018122562e-05
2967.914730121501	1.9952623149688786e-05
2951.1395004999913	2.371373705661655e-05
2927.7369017599626	2.818382931264455e-05
2895.0052027317693	3.349654391578279e-05
2836.4835980235875	3.981071705534977e-05
2765.104337580602	4.731512589614803e-05
2599.4089684307596	5.623413251903491e-05
2303.917260945328	6.683439175686148e-05
1941.8118942532801	7.943282347242821e-05
2005.37170472044	9.440608762859246e-05
2081.2894192508993	0.00011220184543019629
2139.94642928746	0.0001333521432163324
2188.1966743845137	0.00015848931924611142
2231.3590395078686	0.00018836490894898024
2266.3047636070874	0.00022387211385683424
2294.540842043939	0.0002660725059798809
2316.5978923592243	0.0003162277660168379
2333.815399930039	0.00037583740428844437
2343.5044299987644	0.0004466835921509635
2351.759792990421	0.0005308844442309889
2359.0393203502726	0.000630957344480193
2365.7027904619044	0.0007498942093324559
2372.270071913296	0.0008912509381337458
2379.9182768506503	0.0010592537251772895
2388.498694290631	0.0012589254117941673
2397.9994599941433	0.0014962356560944345
2408.3713581569273	0.0017782794100389225
2419.2814829003437	0.0021134890398366475
2430.409741506406	0.002511886431509582
2441.6815394985188	0.0029853826189179603
2453.055034206872	0.0035481338923357567
2464.5994111779073	0.004216965034285822
2475.7546363186457	0.0050118723362727255
2486.794664867023	0.005956621435290103
2497.8394210046745	0.00707945784384138
2508.8061701271995	0.008413951416451957
2519.6      	0.01        
2529.602159006862	0.01188502227437019
2539.443853947008	0.014125375446227554
2549.203181634461	0.016788040181225587
2558.9846780245543	0.01995262314968883
2568.8446806558236	0.023713737056616554
2578.619768181455	0.02818382931264455
2588.989781642322	0.033496543915782793
2600.0425020796615	0.03981071705534969
2611.8663907669584	0.04731512589614813
2624.484669029566	0.056234132519034905
2638.0487772245683	0.06683439175686148
2652.8296103346647	0.07943282347242821
2668.968667837405	0.09440608762859228
2686.6337534289696	0.11220184543019629
2705.391134312295	0.1333521432163324
2725.6475262337226	0.1584893192461114
2747.3640659420007	0.18836490894898023
2770.4206167692	0.22387211385683378
2794.432560113316	0.26607250597988086
2818.31431882073	0.3162277660168379
2842.261473546311	0.3758374042884443
2865.902216027113	0.4466835921509634
2888.819576508223	0.5308844442309879
2909.7797272690796	0.630957344480193
2928.6283250567567	0.7498942093324559
2945.8777259103185	0.8912509381337458
2961.359853359385	1.0592537251772898
2975.0917198015404	1.2589254117941662
2986.879679649135	1.4962356560944328
2998.5117452883683	1.7782794100389228
3010.904477930842	2.1134890398366473
3024.738881333967	2.511886431509582
3040.709345960114	2.9853826189179573
3059.7982750942238	3.548133892335753
3082.4841532416417	4.216965034285823
3109.6732713668875	5.011872336272725
3142.3075866825793	5.956621435290109
3181.135380626836	7.079457843841373
3228.017384114258	8.413951416451948
3278.4      	10.0        
