# T(K)	P(bar)
3024.7      	1e-08       
3023.622844414646	1.1885022274370215e-08
3022.3144850316307	1.4125375446227554e-08
3020.692816727647	1.6788040181225588e-08
3018.7195888331653	1.9952623149688826e-08
3016.4931366261044	2.3713737056616554e-08
3013.8417961704654	2.818382931264461e-08
3010.7164660983835	3.3496543915782795e-08
3006.9217628867077	3.981071705534969e-08
3002.390979379616	4.731512589614813e-08
2998.315510623991	5.6234132519034905e-08
2994.6034127553107	6.683439175686162e-08
2990.3207805562715	7.94328234724282e-08
2985.319317749116	9.440608762859226e-08
2979.8302487248166	1.1220184543019653e-07
2973.8647801184707	1.333521432163324e-07
2967.8766053315235	1.584893192461114e-07
2962.1720544821187	1.883649089489802e-07
2957.1312637710244	2.2387211385683422e-07
2953.3021166596704	2.6607250597988136e-07
2950.9844669490285	3.162277660168379e-07
2949.68978775258	3.7583740428844433e-07
2949.230111474142	4.466835921509635e-07
2949.3306719155066	5.308844442309889e-07
2949.56706459326	6.309573444801942e-07
2950.462784273908	7.498942093324558e-07
2951.9744654724277	8.912509381337459e-07
2956.976149480387	1.0592537251772896e-06
2968.955078816803	1.2589254117941687e-06
2976.7103155586415	1.4962356560944327e-06
2982.5072948612124	1.7782794100389227e-06
2988.47940135013	2.1134890398366474e-06
2995.4005827339643	2.511886431509582e-06
3002.8641667049783	2.9853826189179636e-06
3007.152229438483	3.5481338923357534e-06
3011.549344305721	4.216965034285822e-06
3015.175058882968	5.011872336272725e-06
3017.1875355373822	5.95662143529011e-06
3017.108295141578	7.079457843841388e-06
3014.9625782487246	8.413951416451948e-06
3011.1192902638763	1e-05       
3005.111452790884	1.188502227437019e-05
2996.509576757673	1.4125375446227555e-05
2986.4367394903784	1.678804018122562e-05
2974.3649775884533	1.9952623149688786e-05
2959.1777008210042	2.371373705661655e-05
2940.165405752791	2.818382931264455e-05
2916.7525253556223	3.349654391578279e-05
2880.9465435275897	3.981071705534977e-05
2837.092535195437	4.731512589614803e-05
2782.845437124789	5.623413251903491e-05
2574.3577015655883	6.683439175686148e-05
1732.0466253611053	7.943282347242821e-05
1752.0775028127125	9.440608762859246e-05
1812.7338393846776	0.00011220184543019629
1857.9346434874853	0.0001333521432163324
1903.0659429768764	0.00015848931924611142
1964.468141813562	0.00018836490894898024
2040.948813566833	0.00022387211385683424
2138.675090683713	0.0002660725059798809
2251.8989703462703	0.0003162277660168379
2366.3848201457236	0.00037583740428844437
2456.9966293484426	0.0004466835921509635
2572.863698197212	0.0005308844442309889
2651.7936371529054	0.000630957344480193
2663.3238587553446	0.0007498942093324559
2616.1515566227895	0.0008912509381337458
2571.177263192203	0.0010592537251772895
2524.593814334424	0.0012589254117941673
2470.765866599012	0.0014962356560944345
2404.752466408466	0.0017782794100389225
2327.3538278301703	0.0021134890398366475
2255.2176543589994	0.002511886431509582
2201.9575003723635	0.0029853826189179603
2172.8471007145718	0.0035481338923357567
2167.970209371654	0.004216965034285822
2175.927083248265	0.0050118723362727255
2188.254025963817	0.005956621435290103
2204.365208173371	0.00707945784384138
2223.0705222379993	0.008413951416451957
2242.0      	0.01        
2260.696343374366	0.01188502227437019
2279.93295706244	0.014125375446227554
2299.507261177966	0.016788040181225587
2319.228597709805	0.01995262314968883
2338.7100545215867	0.023713737056616554
2356.1325045090234	0.02818382931264455
2372.4424010795747	0.033496543915782793
2387.822348525598	0.03981071705534969
2402.7180957641176	0.04731512589614813
2417.8443547994175	0.056234132519034905
2431.6575056983115	0.06683439175686148
2444.5960366101913	0.07943282347242821
2456.8879855865216	0.09440608762859228
2469.0206913606153	0.11220184543019629
2480.2905580641773	0.1333521432163324
2490.923763116861	0.1584893192461114
2501.165987093329	0.18836490894898023
2511.057779220024	0.22387211385683378
2520.3115514057963	0.26607250597988086
2527.949042723973	0.3162277660168379
2534.732719204102	0.3758374042884443
2540.687357293389	0.4466835921509634
2545.8623184509484	0.5308844442309879
2550.196184209772	0.630957344480193
2553.852928969212	0.7498942093324559
2557.235545182064	0.8912509381337458
2560.4432225640467	1.0592537251772898
2563.541074433209	1.2589254117941662
2565.945197823179	1.4962356560944328
2568.1148800186975	1.7782794100389228
2570.048786231798	2.1134890398366473
2571.7108592094346	2.511886431509582
2573.075170257899	2.9853826189179573
2573.9304458876964	3.548133892335753
2574.467486342607	4.216965034285823
2574.7325019627656	5.011872336272725
2574.737677686913	5.956621435290109
2574.3414757078895	7.079457843841373
2573.541560023741	8.413951416451948
2572.4      	10.0        
