# T(K)	P(bar)
2896.8      	1e-08       
2894.1071110366142	1.1885022274370215e-08
2890.8909634106535	1.4125375446227554e-08
2887.117470273554	1.6788040181225588e-08
2882.7440748746217	1.9952623149688826e-08
2877.734557408735	2.3713737056616554e-08
2872.243123550671	2.818382931264461e-08
2866.465929241366	3.3496543915782795e-08
2860.6341257009867	3.981071705534969e-08
2855.0752478172935	4.731512589614813e-08
2850.843030263375	5.6234132519034905e-08
2848.251041912851	6.683439175686162e-08
2847.2      	7.94328234724282e-08
2847.657269518655	9.440608762859226e-08
2849.3771596705383	1.1220184543019653e-07
2852.0887363097863	1.333521432163324e-07
2855.097867360248	1.584893192461114e-07
2858.249519712168	1.883649089489802e-07
2861.408582847939	2.2387211385683422e-07
2864.4399909777608	2.6607250597988136e-07
2867.1532295442757	3.162277660168379e-07
2869.7326791917444	3.7583740428844433e-07
2872.203344224268	4.466835921509635e-07
2874.5964951832275	5.308844442309889e-07
2876.881624401516	6.309573444801942e-07
2879.2574086531645	7.498942093324558e-07
2882.0907757873797	8.912509381337459e-07
2887.927779092487	1.0592537251772896e-06
2900.273868667958	1.2589254117941687e-06
2916.870075295493	1.4962356560944327e-06
2930.8079527096256	1.7782794100389227e-06
2944.737520585577	2.1134890398366474e-06
2959.1354487509475	2.511886431509582e-06
2972.457544871251	2.9853826189179636e-06
2980.6269834734676	3.5481338923357534e-06
2987.5867760187566	4.216965034285822e-06
2994.9102119786867	5.011872336272725e-06
3003.2220859346357	5.95662143529011e-06
3009.7197983906135	7.079457843841388e-06
3012.8821671950295	8.413951416451948e-06
3014.6611464968155	1e-05       
3014.8157329657092	1.188502227437019e-05
3012.6477995396417	1.4125375446227555e-05
3006.4010787537227	1.678804018122562e-05
2998.318194658826	1.9952623149688786e-05
2987.995192900773	2.371373705661655e-05
2974.6284480845684	2.818382931264455e-05
2957.0467905520145	3.349654391578279e-05
2933.946157114574	3.981071705534977e-05
2903.002750099859	4.731512589614803e-05
2862.589159810297	5.623413251903491e-05
2812.4487551777156	6.683439175686148e-05
2755.747848847226	7.943282347242821e-05
2689.373446357884	9.440608762859246e-05
2602.3954900313665	0.00011220184543019629
2415.075709228889	0.0001333521432163324
2120.004480161602	0.00015848931924611142
2217.8863464249484	0.00018836490894898024
2327.342774649617	0.00022387211385683424
2431.538211669751	0.0002660725059798809
2510.653853589741	0.0003162277660168379
2542.389118351307	0.00037583740428844437
2549.13268327914	0.0004466835921509635
2545.760578028238	0.0005308844442309889
2533.5294961754375	0.000630957344480193
2515.766739057318	0.0007498942093324559
2500.6299561998426	0.0008912509381337458
2478.5869971331144	0.0010592537251772895
2455.9728578758	0.0012589254117941673
2434.3822920425514	0.0014962356560944345
2415.0429627646095	0.0017782794100389225
2398.6777756494844	0.0021134890398366475
2387.4991390008877	0.002511886431509582
2381.0288861717945	0.0029853826189179603
2377.102451262462	0.0035481338923357567
2372.5155204974058	0.004216965034285822
2369.9412377726203	0.0050118723362727255
2368.481549485878	0.005956621435290103
2367.501480503261	0.00707945784384138
2367.0361432156	0.008413951416451957
2367.6      	0.01        
2365.7534475679636	0.01188502227437019
2364.9262458421194	0.014125375446227554
2364.128245182083	0.016788040181225587
2362.769036077279	0.01995262314968883
2361.4172615229922	0.023713737056616554
2360.2464840730568	0.02818382931264455
2359.218548678619	0.033496543915782793
2358.4615581479566	0.03981071705534969
2358.0685368753548	0.04731512589614813
2357.7550392787684	0.056234132519034905
2357.763757175419	0.06683439175686148
2358.0536937157767	0.07943282347242821
2358.617747389836	0.09440608762859228
2359.4241616778545	0.11220184543019629
2360.2732612240134	0.1333521432163324
2361.3025013807223	0.1584893192461114
2362.443569892063	0.18836490894898023
2363.640230071555	0.22387211385683378
2364.836838543853	0.26607250597988086
2365.8483424021597	0.3162277660168379
2366.659191022678	0.3758374042884443
2367.1602229482846	0.4466835921509634
2367.2795520563295	0.5308844442309879
2367.1219569378263	0.630957344480193
2366.8345279157206	0.7498942093324559
2366.431383631893	0.8912509381337458
2366.0032592242	1.0592537251772898
2365.6453905419835	1.2589254117941662
2364.714762132963	1.4962356560944328
2363.901896289371	1.7782794100389228
2363.1913504611643	2.1134890398366473
2362.6085708207543	2.511886431509582
2362.2073028653235	2.9853826189179573
2361.973514757901	3.548133892335753
2361.793005462957	4.216965034285823
2361.6349960744687	5.011872336272725
2361.3753553738247	5.956621435290109
2360.582951415779	7.079457843841373
2359.327865491236	8.413951416451948
2356.6      	10.0        
